input: 11
hidden: [32, 64, 32, 16]
output: 10
Weight 0:
-0.438602 -0.164466 -1.005852 0.009405 0.098379 0.047616 -0.363417 -0.300037 0.197212 -0.082834 0.275594 -0.238545 0.319814 0.378289 0.588951 0.600012 0.068862 0.075545 -0.427384 -0.585166 0.332382 0.214227 -0.930345 -0.337156 -0.468639 0.212819 0.611756 0.133656 0.251905 -0.700366 0.082436 -0.617731
0.327118 -0.808889 0.489353 -1.091707 -0.771242 -0.195950 0.695321 0.477364 0.046813 0.502890 0.168698 0.012728 0.094330 0.437577 -0.017162 -0.050486 0.054638 0.348892 -0.274168 -0.675495 0.041623 -0.257879 -0.532237 0.265777 -0.616264 -0.896471 0.503236 -0.283304 0.495767 -0.007938 -0.398743 -0.046334
0.365654 -0.399681 -0.336614 -0.146657 0.104810 -0.290862 0.061488 -0.421134 -0.369944 0.039002 0.474087 0.202333 -0.011932 -0.138895 0.324096 -0.260025 -0.294934 -0.257627 0.294775 0.056069 0.472066 -0.365640 0.699259 -0.338759 0.223119 0.210274 -0.509512 -0.268143 0.161034 -0.308343 -0.688990 0.249253
0.711832 0.510207 0.314383 -0.624955 -0.037140 -0.107505 0.234805 1.018608 0.500549 0.229098 -0.015256 -0.190151 0.226224 0.097531 -0.281709 -0.302498 0.427043 0.071969 -0.338192 0.219069 0.851757 -0.171837 -0.272287 -0.069593 -0.424545 0.387660 0.339513 -0.097053 -0.540805 -0.210098 -0.356276 0.336165
-0.165404 -0.268452 0.037533 0.752846 -0.225624 -0.641538 0.306137 -0.230879 -0.238720 -0.005025 -0.396812 0.071440 -0.093807 -0.055430 0.274285 0.171839 -0.119103 0.287657 -0.268214 -0.387108 -0.351127 -0.650315 -0.166653 0.537856 0.421692 0.133857 -0.006984 0.649229 -0.112124 -0.046092 -0.273750 0.096922
0.404663 -0.336095 -0.192981 0.108610 -0.582227 0.103304 -0.775066 -0.064741 -0.351148 -0.655536 -0.093088 0.301600 0.145958 0.350845 0.022597 0.623732 0.490060 -0.440525 0.485510 -0.421725 0.376971 0.518601 0.336425 -0.494761 -0.222873 0.633991 0.977569 -0.605200 0.596871 -0.098769 1.150989 0.107974
0.178654 0.176948 0.176709 0.120249 0.136027 0.045970 0.481782 -0.446968 0.239301 0.586361 0.472371 0.172816 0.402473 0.083353 0.509173 0.441806 0.597481 -0.375756 -0.116635 0.352338 0.358550 0.349862 -0.019693 0.261125 -0.159782 0.628604 -0.208540 -0.276000 0.309409 -0.183187 0.344990 0.294599
0.083275 -0.610881 -0.082405 0.551833 -0.253340 0.619513 0.605406 -0.114272 -0.207163 0.292924 0.074653 0.057263 0.348908 -0.361549 -0.029181 -0.059482 -0.348901 0.220562 -0.404295 -0.015980 0.350711 -0.279048 0.239530 -0.254099 -0.537192 -0.027171 0.444585 0.159480 0.300680 0.125643 -0.054211 0.983996
0.119141 -0.154726 -0.046939 -0.108994 0.362904 -0.703041 -0.142835 0.198070 -0.080092 -0.488788 -0.062335 0.174114 -0.377675 0.008795 0.010447 0.474269 -0.141467 -0.077182 0.253573 -0.777491 0.224455 0.320124 0.201776 0.226804 0.238078 -0.541929 -0.178754 0.145326 1.155405 -0.425268 0.214741 0.229326
-0.730418 -0.065145 0.778439 0.106859 0.958071 0.520449 0.105153 -0.217947 -0.604288 -0.598449 -0.523231 -0.106490 0.388981 -0.244069 0.080557 -0.118729 0.355039 0.342799 0.303837 -0.044244 -0.339564 0.373576 -0.067975 -0.376527 0.154850 0.202033 -0.057391 0.112371 -0.266633 0.134977 0.257704 -0.262590
-0.003435 -0.159174 -0.431433 0.066802 -0.264827 0.418306 0.023719 -0.016058 -0.036627 0.058697 -0.050027 -0.684228 0.184068 0.056803 0.521357 0.254387 0.405392 -0.054195 -0.109531 0.650857 -0.531832 0.154981 -0.177543 0.097224 0.068435 0.198267 0.132335 -0.186197 -0.798254 -0.164342 -0.596107 -0.528628

Weight 1:
0.350010 -0.013730 -0.208311 -0.212289 -0.162896 -0.037909 -0.063931 0.307330 -0.228362 0.316413 -0.229363 0.052245 0.064777 -0.178454 -0.170632 0.364926 0.400112 0.156011 0.408818 0.178142 -0.546745 0.017345 0.014026 -0.266473 -0.198356 0.241987 0.000705 0.101369 -0.014905 0.073881 0.089593 -0.241216 -0.111175 0.272157 0.327024 0.097711 0.041061 -0.095867 -0.379852 -0.152168 0.236470 -0.321591 0.012650 0.074219 0.251051 -0.170391 0.131889 0.129840 0.121228 0.760729 0.107963 0.153820 -0.226044 -0.002711 0.040686 0.399499 0.248212 -0.403828 -0.097698 -0.066062 -0.034254 0.248488 0.232183 0.039714
-0.100024 0.329609 -0.003462 -0.290391 -0.109512 0.101696 0.628180 0.192793 -0.084876 0.082572 0.101058 -0.139625 -0.084076 -0.000047 -0.046061 0.100957 0.332658 0.086237 0.152074 -0.554864 -0.354849 -0.027640 0.437155 0.092559 -0.011608 -0.364880 -0.300291 0.336017 -0.206509 -0.010827 0.040404 0.078723 -0.365433 -0.176543 -0.233246 0.122194 0.247830 -0.157531 0.180027 -0.239787 -0.040548 -0.017028 0.177448 0.034642 -0.254782 0.130956 -0.054531 0.451605 -0.272042 -0.074834 -0.280180 -0.061986 0.207263 -0.194650 -0.311591 0.548465 -0.093232 -0.214713 -0.070415 -0.002925 -0.625953 -0.267640 -0.647246 -0.233824
-0.140801 0.011378 0.332986 -0.080142 0.101225 -0.141469 -0.000809 -0.220536 0.263325 0.156457 0.129298 0.045827 -0.042183 0.048260 -0.468108 -0.381054 0.146478 -0.244250 -0.021837 0.282674 0.271234 -0.100347 0.013476 -0.077361 -0.060409 -0.069385 -0.434201 0.302719 -0.087457 0.286887 0.056711 0.102755 -0.441916 0.299902 -0.224544 -0.143217 0.131837 -0.227748 -0.229476 -0.156741 -0.017633 0.138499 -0.044664 0.091920 0.134601 -0.299698 0.194326 -0.033957 0.154470 0.654201 0.288425 -0.008793 -0.037138 -0.337605 0.005681 0.253202 -0.619347 0.219863 -0.463320 -0.115056 -0.041426 -0.009181 -0.643391 0.038987
0.238145 0.400848 0.077901 0.354577 -0.231551 0.108577 0.040285 0.039462 0.032435 0.218497 -0.222671 -0.387060 -0.212661 0.045281 -0.055508 0.090410 -0.129514 -0.084909 -0.343632 0.446515 -0.195243 0.023305 0.431042 -0.285470 0.233103 0.046166 0.154337 -0.177329 -0.545683 -0.258513 -0.255047 0.175854 0.156803 0.498535 -0.041378 -0.417015 0.411194 -0.056849 -0.267566 0.732921 0.149488 0.218554 -0.083424 -0.077949 -0.223509 0.311418 -0.093059 -0.291298 -0.070782 0.061600 -0.029638 -0.132365 -0.634809 -0.414183 0.718727 -0.321933 0.113498 0.116420 -0.351884 -0.371850 -0.043918 0.557427 -0.365302 0.563414
0.164889 0.043301 -0.651014 -0.200254 -0.056330 -0.186240 -0.018788 0.072655 0.221142 0.033735 -0.275220 -0.016061 -0.001807 -0.244740 -0.345902 -0.275976 -0.698247 -0.095479 0.010849 -0.256671 -0.050061 0.112991 0.091223 0.084687 0.230653 0.406813 -0.078032 -0.096479 0.360251 0.185163 -0.333824 0.291660 0.244437 0.028791 0.193426 0.167336 0.377230 -0.020729 0.218323 0.000777 0.484007 -0.449289 -0.561708 0.055679 0.089391 -0.055151 0.208024 -0.147910 0.056968 0.156529 -0.270812 -0.393966 0.273537 0.000510 0.167934 0.304606 -0.079654 -0.141329 0.014022 -0.064604 -0.159701 0.152361 -0.026408 0.164092
0.267031 0.454007 0.041245 0.105727 0.002645 0.364000 -0.028145 -0.040096 -0.382243 -0.212853 -0.034567 -0.463529 -0.101111 0.170544 -0.404233 0.128133 -0.076089 0.125089 -0.383390 -0.461406 0.099945 0.042561 -0.030477 0.096995 -0.121210 -0.264536 -0.040348 -0.367782 -0.044923 0.262192 -0.383506 0.087702 -0.208862 -0.491026 0.077404 0.114665 -0.517622 -0.153977 -0.425952 -0.112412 -0.064186 -0.113561 0.111562 -0.469344 -0.258360 -0.419147 -0.194377 0.032512 0.353695 -0.037907 -0.274081 0.149248 0.061429 -0.005278 -0.286064 0.058680 0.267920 -0.110228 -0.134710 -0.265425 -0.278838 0.028317 0.240942 -0.159019
-0.072399 0.359969 -0.039618 0.079465 -0.217315 -0.111834 -0.177579 0.137431 0.276721 -0.134439 0.091043 0.083657 -0.037481 -0.510596 0.182714 -0.201460 0.265000 -0.056744 0.058832 -0.189501 0.706857 -0.021496 -0.397642 -0.382550 0.547163 -0.276557 -0.121876 0.220706 -0.131053 0.175319 -0.208374 0.014432 0.176074 -0.201018 -0.128312 0.109424 -0.330511 -0.270698 0.110925 -0.002224 -0.258459 -0.298826 -0.178340 -0.343309 -0.058199 -0.020894 0.164857 0.029210 -0.152687 -0.147042 -0.083549 0.076311 0.138768 0.116240 -0.378184 -0.244349 0.249256 -0.166306 -0.190838 0.415647 0.179325 0.051846 0.131366 -0.291829
0.212766 -0.234726 -0.369697 0.126603 0.006311 0.085147 0.023027 -0.190288 -0.187492 0.307392 0.134068 -0.006982 0.023090 0.062370 -0.063562 0.226644 0.133960 0.197138 0.139371 0.106365 -0.034039 0.186152 -0.094103 0.335879 -0.090281 -0.009624 -0.306012 0.022844 0.453314 0.218645 0.182042 0.262093 -0.223601 -0.150063 0.233703 -0.401154 0.095213 0.559168 -0.091450 -0.163270 -0.302276 0.029862 -0.230440 0.275046 0.140063 0.157799 0.044532 0.083273 -0.297149 0.576280 -0.371975 -0.029566 -0.211051 0.340202 -0.288963 0.143062 -0.270223 0.151493 -0.202961 0.084083 0.047708 -0.019818 0.431493 0.178101
0.100855 -0.210288 0.004299 -0.036300 0.012087 -0.174344 -0.250343 -0.255863 0.210712 0.113684 -0.116681 -0.103910 0.145946 -0.532615 -0.134393 0.526386 -0.229018 0.252447 0.430001 0.208963 0.364588 0.433998 0.029025 -0.046105 0.220511 -0.247645 0.290445 0.365144 -0.130945 0.063991 0.158707 0.414675 -0.255073 -0.004191 -0.219781 -0.151507 -0.417931 0.012519 -0.180754 0.593416 -0.141518 0.206256 -0.368822 0.246254 -0.136196 0.114703 0.127038 -0.042019 -0.062524 -0.294537 -0.474144 0.076559 -0.108878 0.201864 0.039038 0.270368 0.161822 0.685133 0.206564 0.269901 0.639888 0.201923 0.067146 0.042745
0.234560 0.209788 0.046960 0.570222 0.404757 -0.010487 0.038112 0.311996 0.028591 0.108380 -0.097269 0.190701 0.378335 0.202719 0.124894 0.452142 0.270972 -0.196730 0.213810 0.066722 -0.124099 0.207993 0.070112 -0.198048 0.198142 -0.196880 -0.370587 -0.224439 0.223251 0.354589 0.110712 -0.024541 0.378873 -0.330174 0.236185 0.119337 0.279698 0.286501 -0.114146 0.008630 -0.357334 -0.083468 -0.368768 0.406010 -0.320075 0.426881 -0.378106 -0.451709 -0.104440 0.068376 -0.050451 -0.058975 -0.254850 0.352064 -0.118237 0.058017 0.089473 -0.067705 -0.399118 -0.400777 -0.518782 0.227274 -0.048863 -0.445844
-0.079787 -0.137099 -0.057348 -0.036195 -0.390646 0.154246 -0.035841 -0.343528 0.210929 0.070947 -0.228152 0.112807 0.328735 0.354158 -0.187843 0.338122 -0.084798 0.274041 0.242127 -0.280946 0.042648 -0.090726 -0.177251 0.302132 0.125893 0.256798 0.145346 -0.023737 -0.007391 0.116594 0.732756 -0.269722 -0.225056 0.192502 -0.151521 0.048130 0.174551 0.446519 -0.324749 0.145292 0.117453 -0.007362 -0.555028 -0.355473 -0.054509 0.253733 -0.136584 -0.191008 0.142445 0.021530 0.034454 0.003131 -0.411407 -0.217303 0.085279 -0.116200 -0.086790 0.135656 -0.320021 0.283010 0.207198 0.532602 -0.073729 -0.388979
0.400049 0.115513 0.187831 0.144252 0.014046 0.174389 -0.153472 0.138813 -0.164668 -0.097869 0.012587 0.248031 -0.245464 0.121922 0.051175 0.113839 0.750547 -0.230110 0.263843 -0.231198 -0.004616 -0.115219 0.175311 -0.164455 -0.006087 -0.278857 0.141891 0.374048 -0.092131 -0.143806 0.296893 0.083047 -0.291634 -0.084510 0.250157 0.517437 0.313657 0.200125 -0.101668 0.032810 0.220561 0.221602 0.051407 -0.135025 -0.152819 0.210057 0.206688 -0.123405 0.133211 -0.267230 -0.028585 -0.197383 0.027431 -0.052343 0.054278 -0.284766 0.630782 -0.048100 0.317203 0.108283 -0.022920 0.395000 0.350908 0.469728
0.080559 -0.108232 -0.362800 0.351773 0.011281 0.009857 -0.242358 -0.208032 0.070953 0.076051 -0.019680 0.344936 -0.197322 0.080592 0.022082 -0.319865 0.506140 -0.287794 0.242044 0.205297 -0.244646 -0.078739 0.359233 -0.024863 0.660542 -0.066215 0.017750 0.210215 -0.015734 0.042420 0.064866 -0.029763 0.219756 0.094379 -0.228289 0.318699 -0.399718 0.035933 0.072374 0.147212 -0.123721 -0.597929 0.213081 -0.133793 0.137592 0.021046 0.415871 0.081482 0.043719 0.303347 0.453101 -0.104591 -0.075499 -0.005083 -0.380053 0.426184 0.014989 -0.191198 -0.198436 -0.168355 0.102849 0.197339 -0.077180 0.284291
-0.023838 -0.196441 0.207492 -0.198398 -0.449281 0.487035 0.006682 -0.423952 -0.258596 -0.240904 -0.039345 0.109322 0.186603 -0.002986 0.304838 0.010157 -0.008724 0.212300 -0.027899 -0.051276 -0.024170 0.228873 -0.096375 0.056729 0.065085 -0.112531 -0.260907 -0.102969 -0.109929 0.113550 0.205221 0.208002 0.105668 -0.012401 -0.519433 -0.127335 -0.135025 0.248491 -0.602323 -0.085737 0.554766 0.407952 -0.078893 0.081868 0.102825 -0.306448 0.164451 0.156468 -0.210670 0.104920 -0.261059 -0.067478 -0.499839 -0.264876 0.085165 0.005141 0.159994 0.295858 0.050926 -0.061085 0.361702 0.224886 0.233239 -0.083816
0.165115 -0.080183 -0.375593 -0.213621 0.293841 -0.117512 0.242937 0.038871 -0.480124 -0.365127 -0.034484 0.192791 0.499075 -0.134434 -0.258288 -0.011335 -0.197274 0.237959 0.396536 -0.533206 -0.160163 -0.234117 0.004043 -0.229228 0.169195 0.196475 0.458307 0.053748 0.034928 -0.463275 -0.370775 -0.130400 0.040202 -0.147938 0.035764 -0.037382 0.359061 0.018880 -0.354798 -0.245783 0.341176 -0.204213 0.284539 0.057221 -0.168781 -0.171627 0.306402 0.124674 -0.130409 -0.326446 0.004391 -0.078008 0.207941 0.587256 0.323620 -0.088452 -0.449720 -0.201495 0.280197 -0.042227 -0.229731 -0.010158 -0.073979 -0.669369
-0.024173 0.059999 -0.038799 -0.224735 0.260804 -0.202150 -0.084913 0.013215 0.176844 -0.117972 -0.108153 0.322580 -0.013439 0.217951 0.000846 0.017959 0.462393 -0.268771 0.158504 0.390223 -0.205187 0.136483 -0.157983 0.203359 -0.069529 -0.005521 -0.128966 -0.133979 -0.326409 -0.070671 0.338297 0.055320 0.058829 -0.102488 0.126813 0.118176 -0.113299 -0.245680 -0.056947 0.182004 -0.377556 -0.353227 0.362907 -0.498589 -0.050145 0.187192 0.161696 0.243805 0.099229 -0.202357 -0.262782 0.286579 0.288728 0.045050 -0.084768 0.419455 0.386765 -0.218419 -0.044073 0.152493 -0.239982 0.398220 0.272264 0.337119
-0.114849 0.166814 0.428878 0.294052 -0.152095 -0.413661 -0.040192 -0.199837 0.201876 0.053958 0.200159 -0.173436 0.330647 -0.254003 -0.602801 -0.137778 0.135406 0.364562 0.083648 0.069322 -0.055162 -0.070186 -0.227702 0.367049 0.451234 0.228371 0.694533 0.133949 -0.195084 0.010586 -0.094392 -0.386363 0.208600 0.189255 0.043978 -0.041767 0.078264 -0.130598 0.046573 0.312813 0.143936 -0.448515 -0.029772 -0.429847 0.353527 0.340244 0.075859 0.231157 0.062824 0.036603 -0.041731 0.114911 -0.288707 -0.331135 -0.306129 0.263451 -0.125952 -0.016420 0.190667 0.024096 -0.170500 0.276895 -0.117480 -0.227939
-0.158921 -0.292822 -0.307651 0.134168 0.109574 -0.093774 -0.085321 -0.360046 -0.364194 -0.099885 -0.311005 0.152117 0.040778 0.308854 -0.104592 -0.405686 -0.352125 0.434738 0.179180 0.204863 -0.347127 0.136400 0.202486 -0.194516 0.536936 -0.197751 0.543393 -0.243872 0.099718 0.050690 -0.110492 -0.287844 0.047824 0.088123 -0.335358 -0.237077 0.264884 0.176449 0.019793 0.150151 -0.394875 -0.088737 -0.217746 -0.033131 -0.018346 0.016215 -0.160880 0.087346 0.113775 0.433746 -0.134481 0.015397 -0.201141 -0.184695 0.403044 -0.528280 0.072743 0.168038 -0.262532 0.343844 0.128882 0.565934 0.015548 -0.211839
0.883232 0.241387 -0.449606 0.237303 -0.291348 -0.185933 -0.301549 0.088133 -0.036663 0.315589 -0.171308 0.036211 0.640221 -0.080964 0.103385 -0.091457 -0.241732 0.263705 0.135146 -0.491721 0.367908 -0.120898 -0.194619 0.526366 -0.108959 -0.231539 0.339559 0.006291 0.461692 -0.347295 -0.040842 0.229077 0.020174 0.325984 0.004113 -0.014189 -0.245512 0.147575 0.230206 0.248039 0.166875 -0.011316 -0.153048 0.183327 0.063353 -0.244734 0.222166 -0.189118 -0.435635 -0.146037 0.253271 0.322588 0.066236 -0.497884 0.400373 -0.155301 -0.106706 0.058545 -0.395573 -0.231875 -0.155438 0.216396 -0.038982 -0.245383
0.221928 -0.408794 -0.075817 -0.111981 0.058033 0.322165 -0.056553 0.155159 -0.178916 0.051087 0.173593 -0.343299 -0.268311 0.069436 0.094733 0.328891 -0.072540 -0.100391 -0.019634 -0.393223 0.047983 -0.103851 -0.101202 0.112729 0.201346 -0.164726 -0.382172 -0.219652 -0.157231 0.090782 -0.472355 0.192296 0.096143 -0.287045 0.298351 0.018742 -0.276831 0.273158 0.600568 -0.137815 0.285701 -0.479048 0.070221 -0.389250 -0.293201 0.045376 0.017840 -0.076964 0.260980 -0.321106 0.407475 0.097975 -0.043035 -0.129068 -0.158817 -0.325329 0.065923 -0.162161 -0.273530 0.024140 0.236137 0.226464 0.353504 0.287864
0.046602 0.180281 -0.317579 0.220064 0.007718 -0.171000 0.026977 0.190368 0.278367 0.012666 -0.189724 -0.149076 -0.079288 -0.220645 -0.328775 -0.077075 -0.312584 0.252974 -0.034215 0.498939 0.157878 -0.432469 -0.229146 -0.159532 -0.526385 -0.128302 -0.218872 0.663475 -0.182074 -0.353985 0.022791 -0.064692 0.271311 0.498343 0.144978 -0.065456 -0.210958 -0.029306 0.161243 0.098697 -0.121503 0.379836 0.194486 -0.061293 -0.199671 -0.385207 0.005222 -0.095282 -0.038233 -0.203883 0.260022 -0.126763 -0.023983 -0.244847 0.018454 0.376297 0.006970 0.496815 -0.202296 -0.185298 -0.156297 0.290720 -0.291911 0.109683
0.053986 -0.237205 0.020739 0.247954 0.064167 0.113555 -0.240881 0.040124 0.194101 -0.148974 0.091355 0.199306 0.179843 0.058731 -0.119491 0.199580 -0.336591 -0.220788 -0.076099 -0.041030 0.199043 -0.086841 0.113105 -0.512219 0.528847 -0.182717 -0.317146 -0.079688 -0.279738 0.343903 0.330032 -0.366593 0.105183 0.086991 0.099190 -0.384755 -0.594143 0.142478 -0.401027 -0.049636 -0.037843 -0.169342 -0.098095 0.261711 -0.132692 -0.106055 -0.044833 0.472740 0.479592 0.101146 0.673576 -0.122616 -0.029453 -0.213843 0.158346 0.083989 0.253999 0.195705 -0.078395 0.166545 -0.174597 -0.110221 0.356793 -0.041445
0.038158 -0.084533 -0.127227 -0.027494 0.198705 0.162318 -0.182858 -0.044433 0.236714 -0.400631 -0.010115 0.073208 -0.245796 0.177039 -0.230965 -0.000103 0.158661 -0.230573 0.299218 -0.195146 -0.224628 -0.029067 -0.475852 0.328544 -0.243086 -0.019392 -0.022998 -0.248100 0.316328 0.054593 -0.213227 -0.226554 0.005805 0.409049 0.157427 -0.329373 0.058297 0.057131 0.001882 0.363689 0.119393 0.047664 0.141036 0.421793 0.350776 -0.298013 -0.028790 -0.198260 -0.142991 -0.288588 -0.088013 0.296999 -0.356454 0.067300 0.452562 0.212125 0.191669 0.005038 0.237675 -0.394976 0.113133 0.257988 -0.342885 0.369734
0.357360 0.387419 -0.113340 -0.215909 0.369481 0.321513 -0.024304 0.189214 -0.036953 0.041537 0.182496 -0.213188 -0.467835 -0.108154 -0.125756 0.086074 0.386749 0.150716 -0.121523 0.097256 0.118048 -0.669014 0.335520 -0.291395 -0.089088 0.134999 -0.010964 -0.350851 0.139041 0.119326 0.159202 0.132273 0.191894 0.084760 0.047113 0.205002 -0.232880 0.136362 0.041711 0.083087 0.379912 -0.108814 -0.226077 -0.242821 0.184738 -0.493535 -0.018479 -0.286009 -0.080045 -0.589347 -0.107452 -0.109310 -0.063059 0.142039 0.143142 -0.007717 0.125893 -0.170896 0.292929 0.094257 -0.359621 0.100484 0.037904 -0.254324
-0.103485 -0.036925 0.162519 0.068925 0.099527 -0.129835 -0.364953 0.403589 0.371457 -0.351212 -0.451215 -0.326857 0.179255 -0.347213 -0.162797 0.037612 0.087630 0.109560 0.006586 0.341493 -0.281189 0.183873 0.455454 -0.114058 -0.023868 -0.001627 0.029390 0.129755 -0.288348 0.107218 -0.188468 0.027098 0.588633 0.070532 0.296458 -0.331290 -0.416230 0.147081 0.383022 0.173042 -0.282457 -0.455247 0.112553 0.070099 -0.074963 0.126175 -0.045960 0.280008 -0.219966 -0.159428 -0.214407 0.340561 0.126499 0.211950 0.460649 0.232712 0.299905 -0.131952 0.071354 -0.135788 0.018881 -0.113526 -0.110860 -0.140578
-0.201575 -0.137866 0.463532 -0.282394 0.166062 -0.022822 0.296483 0.011477 -0.472807 -0.422730 0.297328 -0.279800 0.394214 -0.182265 -0.005557 0.382748 -0.482723 -0.115045 0.370916 0.489928 0.058024 0.007022 -0.036110 0.085648 -0.058694 -0.117751 0.089910 -0.142395 0.167835 0.193683 -0.079906 -0.126981 -0.119463 0.154644 0.013139 -0.000018 -0.196871 0.565856 0.209303 0.313815 0.109790 0.290170 0.390317 0.144536 -0.289588 -0.055381 -0.211201 -0.172215 0.155867 -0.121109 -0.384432 -0.120253 0.139179 0.171460 0.224853 0.211639 -0.165908 0.210764 0.422364 -0.192631 -0.166070 0.102485 0.054779 0.113311
0.385673 -0.068529 -0.063617 0.132693 -0.065755 -0.002724 -0.202740 -0.123310 0.232244 0.095781 -0.422247 0.011214 -0.089907 -0.042682 -0.272538 -0.017182 0.265900 -0.106343 0.213175 -0.286382 -0.056775 0.095465 0.163869 0.002372 0.060948 0.378030 -0.012073 -0.045616 -0.211778 -0.146170 0.256981 0.212036 -0.456777 0.207252 -0.529535 0.089776 0.271170 0.045513 -0.056803 0.229734 -0.233478 -0.178234 0.019210 -0.068671 0.086013 -0.100426 0.189471 -0.535215 0.045034 -0.128365 0.133008 -0.287761 0.028206 0.071693 -0.064926 0.021588 0.049342 -0.166676 0.019318 0.121497 0.022102 0.262795 0.237989 -0.143840
0.051755 -0.107560 -0.479748 0.376648 0.122438 0.379517 -0.110684 -0.599563 0.034242 -0.518515 0.451967 0.456213 -0.132512 -0.198653 0.208244 -0.109139 0.236246 0.141399 0.050813 -0.686628 -0.298204 0.077770 -0.501671 0.682870 0.155780 0.086346 0.210454 0.269506 0.012984 -0.361692 0.302910 0.518256 -0.192921 0.215660 0.382406 0.107535 -0.116087 0.082656 0.358448 0.441463 -0.033854 -0.409694 0.223928 -0.534813 -0.383864 -0.515690 0.319386 0.132668 0.400238 -0.338409 -0.234738 0.128394 -0.084687 0.048880 -0.401486 -0.276122 0.080939 0.016755 0.174267 -0.022408 -0.157654 -0.192691 -0.188084 -0.261849
-0.127720 0.042629 -0.079732 -0.008549 0.023483 0.037382 0.353795 -0.283105 -0.130736 -0.272066 -0.184293 0.106896 -0.126272 -0.018117 0.242805 -0.053498 -0.215299 0.823634 0.137286 0.220829 -0.163620 -0.355376 -0.045486 -0.220233 0.209851 0.412445 -0.189400 0.067522 0.077552 0.198257 0.024152 0.391867 0.103810 -0.173226 0.360440 0.123202 0.235540 0.041457 -0.484886 0.085928 -0.103560 0.059541 0.141586 -0.219749 -0.141554 0.312569 -0.027405 0.175532 -0.009611 0.044002 -0.080001 0.193799 -0.215973 -0.249439 -0.305972 0.071602 0.004057 -0.139801 0.097047 0.007653 -0.047965 0.226203 0.416194 -0.145741
0.110963 -0.326857 0.330164 -0.213683 0.352769 -0.078030 -0.265371 0.091429 0.072836 -0.427405 0.019547 0.490629 0.260951 0.156660 0.040161 0.124691 0.059460 -0.271863 -0.044704 0.073867 0.062115 0.390173 -0.044384 -0.205445 -0.233822 -0.313476 0.432398 -0.059387 0.060686 0.170581 -0.024046 -0.038359 0.159511 0.423358 -0.025788 0.014848 -0.158565 -0.004805 0.189708 -0.098765 0.699649 0.213438 -0.236146 0.099168 0.108108 -0.153941 -0.023404 -0.328281 -0.028262 -0.135219 -0.123374 0.179579 0.176851 0.115522 0.127642 0.070048 -0.057242 0.416508 -0.138095 -0.039660 -0.357500 0.485199 -0.268304 0.054424
-0.059662 0.800959 -0.250964 -0.023438 -0.230620 -0.208974 -0.083568 -0.236948 0.133599 0.119978 -0.290427 -0.443448 0.022227 -0.293981 -0.081821 -0.062669 -0.007571 0.142308 0.067144 0.131721 -0.135901 0.083550 -0.266030 0.190308 0.114632 -0.252765 0.055109 -0.395274 0.124889 0.215669 -0.178114 -0.157883 0.195670 0.051340 0.108173 -0.046298 0.696033 -0.187618 0.013460 -0.379362 -0.186826 0.118290 0.418886 -0.029113 -0.577321 0.368437 -0.150829 -0.114745 -0.011772 -0.148559 0.261215 0.079368 -0.417624 0.379439 0.374838 0.046559 -0.035792 0.398192 0.681472 0.270590 -0.327049 -0.314474 0.293519 -0.367811
0.149905 0.531868 0.069247 -0.091224 -0.214519 0.134124 -0.161275 0.225167 -0.139612 0.084978 -0.093094 0.133580 -0.294817 0.233443 0.284540 -0.349608 0.112135 0.104999 -0.153392 0.443086 0.223600 -0.174546 0.222209 -0.667613 -0.227854 -0.024603 0.221021 -0.209270 0.107999 -0.098983 0.224985 -0.066606 0.161355 0.163182 0.347874 0.110346 0.325816 -0.054770 -0.140807 -0.114258 0.267920 -0.375214 -0.029351 0.152638 -0.358067 -0.224639 0.021479 0.180409 -0.199199 0.343317 0.231749 0.052785 0.505567 0.001018 0.181545 -0.384840 0.203732 -0.629603 0.072619 0.320071 -0.160641 -0.015804 -0.355001 -0.230212

Weight 2:
0.024674 0.067471 -0.032541 -0.070651 -0.022610 0.093569 -0.045270 -0.129403 -0.074132 0.048438 0.023689 -0.308071 0.042325 0.056350 0.219426 -0.270513 -0.245022 -0.090978 -0.084681 -0.433903 -0.097173 0.536529 -0.274887 -0.075507 -0.288586 0.015872 -0.058147 0.062839 -0.166960 -0.180847 0.385737 -0.067323
0.412638 -0.120469 0.129318 -0.175266 -0.312388 -0.201433 0.442481 0.342277 -0.031937 0.001189 -0.312781 0.012151 -0.033270 0.010401 -0.143608 0.205997 0.019790 -0.194792 -0.060960 0.070820 -0.196148 -0.113736 -0.156313 0.046664 -0.047527 -0.055119 0.078061 0.093653 0.056091 -0.374959 -0.109452 -0.165834
-0.027598 -0.297888 -0.282715 0.253780 0.117608 0.042983 0.076985 -0.113887 -0.081335 -0.027005 0.091619 0.052814 -0.124083 0.034652 0.400358 0.182398 -0.153084 0.152122 0.128970 -0.107876 -0.135267 0.257126 -0.191753 0.009676 0.105740 0.093029 0.067488 -0.046433 0.111774 0.057470 -0.448455 0.141884
0.106923 -0.186073 0.052519 0.021647 0.003427 0.074178 0.070488 0.104118 0.273027 0.033241 0.319589 0.225677 -0.135778 -0.030381 -0.071497 -0.329345 -0.098999 -0.308815 0.265153 0.048869 0.021364 -0.194287 0.251851 0.054939 -0.038963 0.006280 -0.271719 0.116136 0.241093 0.046458 -0.503603 -0.031843
-0.048358 0.180153 -0.252522 0.232346 0.019037 -0.009426 -0.209926 0.068543 -0.433778 -0.228800 0.252636 -0.048104 0.179200 0.012033 0.076346 -0.211076 -0.227851 0.002776 0.291688 -0.273566 -0.044094 -0.017455 -0.233360 -0.003738 0.137467 -0.124587 -0.064811 -0.030129 0.003501 0.034469 0.204497 -0.166203
0.268632 0.395343 -0.013345 -0.069262 0.241020 0.016966 -0.044970 0.108902 0.322264 0.098241 -0.080936 0.133480 -0.172615 -0.060510 0.076513 -0.002889 -0.048375 0.056039 0.168103 -0.047698 0.376107 0.240897 0.452684 -0.015139 -0.120912 -0.280595 -0.192933 0.123063 0.124857 -0.037535 -0.215384 0.117505
0.041934 -0.154152 0.075629 -0.103639 -0.059190 0.072645 -0.070961 0.257940 -0.038742 0.012507 0.165213 0.099881 -0.156934 0.107639 0.048542 -0.140217 -0.082905 0.193341 0.145937 0.086080 -0.222632 -0.004040 0.192113 0.068401 0.073302 0.404537 0.241465 0.068507 0.059733 -0.021244 0.032421 -0.069269
0.024005 0.050404 -0.088063 0.070336 0.013818 -0.042629 -0.007795 -0.191941 0.071069 -0.006682 0.007795 0.058929 0.074211 0.007045 -0.120534 0.126767 -0.392625 -0.081258 -0.066185 0.077194 0.040317 0.225680 0.201416 -0.112311 0.222933 -0.254512 -0.175717 -0.100742 0.194300 0.003635 -0.214600 0.276573
0.155560 0.064410 -0.168526 0.166187 -0.024521 -0.022729 -0.123262 0.286142 -0.109683 0.008037 0.260837 0.154482 0.292531 0.370760 0.317025 0.275789 0.375110 -0.135897 -0.263638 0.133144 -0.103434 0.014671 0.145011 0.397561 -0.015921 0.208716 -0.181894 -0.241674 0.081513 -0.142353 -0.101139 -0.040213
-0.014189 0.193128 -0.029479 0.128679 -0.047447 -0.184714 -0.021679 -0.102774 0.018432 -0.086585 0.011369 0.061816 -0.246496 -0.195185 0.106825 -0.001811 0.582112 -0.183822 -0.049833 0.087721 -0.087680 -0.007664 -0.106038 0.310279 -0.252518 0.039620 0.130059 -0.148205 -0.020657 0.088223 -0.083975 0.016061
0.331446 -0.085085 0.218469 -0.018541 -0.290236 -0.134830 0.081821 0.127486 -0.007423 -0.001207 -0.094125 0.085115 0.321797 0.152951 0.025300 0.503435 0.068173 0.071140 -0.212189 -0.114246 -0.007470 -0.288363 -0.155450 0.034768 -0.113319 -0.207504 0.021766 -0.097052 -0.193534 -0.190180 0.210104 0.157921
0.186248 -0.060127 -0.097542 0.227299 -0.323857 -0.024321 0.024564 -0.285647 0.132720 0.021123 -0.012650 -0.141307 0.023177 -0.011355 0.033856 0.292112 -0.164502 0.106003 0.189472 -0.095288 0.020866 0.304001 0.023639 0.107600 -0.094064 -0.011379 0.008201 -0.133430 -0.012395 0.041967 0.112986 -0.009711
0.201826 0.018508 -0.009953 0.039385 -0.349175 0.036183 -0.088861 -0.161729 0.029344 -0.133784 0.125677 0.038649 0.044437 0.034291 -0.155966 -0.321564 -0.205876 -0.052626 -0.044229 -0.043825 -0.201388 0.266448 0.065599 -0.134441 0.057998 0.048068 0.105982 0.202059 0.112089 0.096010 0.088136 0.144617
-0.068954 -0.185385 -0.200558 -0.213572 -0.044580 -0.020589 0.360238 0.034441 -0.091173 0.224383 -0.143164 0.348394 0.106548 0.214542 -0.180730 -0.102348 -0.128101 -0.052077 0.169138 -0.198403 -0.256355 0.004072 -0.051275 0.101762 -0.264330 -0.140445 -0.013204 -0.125002 0.008839 -0.385110 -0.259416 -0.202986
0.258163 -0.477127 -0.005039 -0.043441 0.018023 0.056638 -0.032098 0.068662 0.164107 -0.137926 -0.064731 0.150100 0.416465 -0.065182 -0.126464 0.030483 0.339524 0.005187 -0.072359 0.160129 -0.257200 0.047080 -0.103808 0.275092 -0.209106 0.182520 0.298724 -0.549293 0.300230 0.098323 0.082351 -0.024984
-0.164703 -0.083158 0.245543 -0.005141 -0.331247 -0.205284 -0.133413 0.060893 -0.088491 -0.215079 -0.032622 0.214420 0.023581 -0.143343 -0.133486 0.009460 -0.140300 -0.253783 0.067854 -0.077309 -0.089608 0.315111 0.021085 0.374596 -0.092693 -0.361200 -0.099715 0.063978 0.085544 -0.301361 0.027183 -0.150734
0.064488 0.088723 0.028214 0.244745 -0.508688 0.045477 -0.006468 -0.118674 0.015774 -0.082191 0.253800 0.330279 0.034227 0.080352 -0.169290 -0.021569 0.398177 -0.048959 0.200094 -0.238650 -0.239988 0.019926 -0.177537 -0.117032 0.039539 -0.130375 -0.008752 0.208932 -0.081131 0.044035 -0.327329 0.028897
0.394878 -0.084394 0.257044 -0.076101 -0.215226 -0.226836 0.186186 0.175341 0.014768 -0.103076 0.134865 0.012456 -0.009511 -0.343444 0.120500 -0.107615 0.075879 0.063675 0.038540 0.017705 -0.291481 -0.198883 -0.111262 0.056194 -0.050222 0.332841 -0.226663 0.218323 0.181392 0.034429 -0.200314 0.075387
-0.117965 -0.298171 -0.035768 -0.088108 0.136292 0.023535 0.082845 0.163947 -0.242474 0.201824 0.202740 -0.036108 -0.005776 0.143511 0.221040 0.134202 -0.029753 0.210660 -0.198870 0.144633 -0.145073 0.202047 0.030536 -0.017635 -0.178021 0.182244 0.224425 -0.205126 -0.227401 -0.163646 -0.001251 -0.067468
0.169818 -0.105030 -0.048066 0.025257 -0.099895 -0.278488 -0.164631 -0.119886 -0.064316 -0.188759 0.199258 -0.003713 0.012452 -0.030762 0.068421 0.313892 -0.022556 -0.143288 -0.286109 0.504109 -0.022755 -0.370475 -0.040457 -0.310769 -0.283308 0.255900 -0.161816 -0.170753 -0.088607 -0.121349 -0.142019 0.042487
-0.163616 -0.319042 0.343551 0.063837 -0.151924 0.059743 -0.056258 -0.119314 -0.104298 0.217858 0.130348 0.073569 0.155683 0.138489 0.168098 0.058921 0.217369 0.079320 0.140788 0.298629 0.145881 0.010428 -0.265948 0.122784 0.048887 -0.079779 -0.039413 -0.032451 -0.050985 0.045860 0.024158 -0.047646
0.060528 0.262070 0.126737 0.166106 0.115068 -0.155108 -0.440567 0.027455 -0.010614 0.482726 -0.028192 0.205874 -0.051517 -0.080781 -0.244359 0.009156 0.021789 0.399286 0.395882 -0.145330 -0.011092 -0.255847 -0.335114 0.061419 -0.315634 -0.035888 -0.082880 0.218152 -0.367347 0.382221 0.059458 0.119851
-0.030811 -0.076583 -0.024524 -0.041999 -0.298043 -0.060533 -0.119811 -0.184679 0.120847 0.349753 -0.300975 0.098478 -0.098912 -0.127338 -0.182888 -0.326499 0.029514 0.002430 0.078898 -0.038687 -0.075478 0.101439 -0.130173 0.143902 0.250253 0.385344 -0.299598 -0.001393 0.017496 -0.077923 0.279411 0.043550
-0.115012 -0.011115 -0.180243 -0.033596 -0.135253 -0.027333 0.160774 -0.275735 0.216897 -0.209192 0.358392 -0.301598 -0.383995 0.066579 0.078898 -0.224409 -0.146208 -0.168248 0.326896 -0.256869 0.173176 0.042124 0.153627 0.187131 -0.056515 0.150954 -0.011100 -0.082717 -0.014289 -0.051355 0.152277 0.198176
-0.061030 -0.025980 -0.138848 0.098451 0.136718 0.282071 0.024169 0.050311 0.100425 0.009460 0.429862 -0.248242 -0.052683 0.122611 -0.347399 0.192480 0.100388 -0.062020 -0.136401 0.202441 0.029265 -0.083113 -0.106598 0.051795 0.147789 -0.107850 -0.229093 0.359116 -0.328726 -0.255147 0.143583 0.116059
0.230405 -0.063853 0.148777 0.150597 -0.162982 0.232895 -0.010688 0.024088 0.106274 0.190640 0.184635 -0.022332 -0.322364 0.062182 -0.042324 0.005254 -0.090915 0.021879 -0.007438 -0.052171 0.075407 0.023259 0.029221 0.080264 -0.119252 0.107789 -0.015175 0.048071 -0.019011 -0.500817 -0.214151 -0.016650
0.140659 -0.261649 0.498279 -0.241830 0.337616 0.254361 0.145631 0.065679 0.140253 0.023487 -0.036777 0.148923 0.039054 0.076807 -0.007745 -0.361063 0.085495 -0.150451 0.188843 0.027743 0.120628 -0.080157 -0.083603 0.068815 0.093792 -0.166620 0.044561 0.051077 -0.001621 0.034554 -0.102391 -0.370627
0.014441 0.013632 -0.285806 -0.149569 -0.162692 0.282816 0.077060 -0.122322 0.125393 -0.282551 -0.020019 0.112684 0.303104 -0.115918 0.282952 0.143636 0.230274 -0.266229 0.018902 -0.228516 -0.257526 0.201075 0.218515 -0.286903 0.098459 -0.008086 -0.027210 -0.210982 -0.137281 0.472986 0.163839 -0.255179
-0.104650 -0.017718 0.183722 -0.025128 -0.122746 0.127467 -0.279175 -0.054664 0.142674 0.191651 -0.082738 -0.533833 -0.382397 0.155122 -0.150591 -0.009672 0.084356 0.183296 0.078595 0.041138 -0.011651 -0.002926 -0.019040 0.088075 -0.010876 0.053632 0.025399 -0.138470 -0.035918 0.036981 -0.010073 0.057512
0.264248 -0.125446 0.118014 0.177944 0.241382 -0.052816 -0.379389 -0.186744 -0.314275 -0.070669 -0.120268 -0.104629 -0.035158 0.285779 0.295398 0.017033 0.171437 0.032255 -0.070877 -0.167762 -0.058529 0.107897 -0.070346 0.025414 -0.344229 0.094935 0.035753 -0.263261 -0.088315 -0.056251 -0.050118 -0.057798
0.155776 -0.095559 -0.063068 0.227142 -0.156350 -0.032640 0.202014 0.158562 -0.000917 -0.079880 0.207836 -0.039284 0.193597 0.143046 -0.027872 0.097148 0.260047 -0.146503 -0.445153 -0.004457 -0.093101 0.272855 0.003480 0.206474 -0.062095 -0.125129 -0.392336 -0.005107 0.129932 0.118953 0.006355 0.021391
0.240457 -0.134537 0.194159 0.091349 0.066553 0.231202 0.081598 -0.179293 -0.083909 -0.067273 -0.129148 -0.102766 -0.065869 -0.122868 0.151577 0.021083 -0.357787 -0.058887 -0.021989 0.166030 0.052878 -0.155608 -0.203415 -0.031988 -0.065611 0.052579 -0.129569 -0.010202 0.098196 -0.119241 0.073411 0.008919
0.155710 0.133996 -0.272773 0.134968 0.263093 -0.051134 0.014369 -0.079869 -0.160123 0.060965 -0.111234 -0.292808 0.088384 0.050594 -0.127451 -0.291777 0.126686 -0.063240 -0.053713 -0.307067 0.194738 -0.328440 0.277006 -0.243851 -0.118380 -0.118240 0.242327 -0.116066 -0.112750 -0.278956 -0.079454 0.103966
0.178972 0.083068 -0.273674 0.237360 0.267454 0.244511 0.161285 -0.167895 -0.046416 0.315419 -0.063767 0.117178 -0.102299 0.181696 -0.294678 -0.115728 0.135911 0.135272 -0.063741 -0.120504 0.159080 -0.131963 -0.221940 0.093440 -0.044277 0.052091 -0.075916 -0.104908 -0.008426 -0.019732 0.056172 0.231901
0.198287 -0.128603 0.219458 0.166317 0.002316 -0.143166 0.128916 -0.001105 0.168817 0.152532 -0.033167 -0.210510 -0.109095 -0.034525 0.010674 -0.076178 -0.011711 0.246323 0.019738 -0.149706 -0.093121 0.046830 0.045082 0.338930 -0.101702 0.026806 0.006514 0.014182 -0.164034 0.139990 0.231784 -0.225035
-0.248456 0.051605 -0.092182 0.201098 -0.016331 0.183756 -0.285353 -0.164157 -0.101063 0.053703 -0.195078 -0.102528 0.009100 -0.128884 -0.058187 0.223957 -0.058294 0.422319 -0.019319 -0.021562 0.405279 -0.021262 -0.052963 -0.151402 0.009665 0.001983 0.183062 -0.136026 0.099851 0.142848 -0.213546 -0.095243
-0.218680 0.133798 0.217810 0.077426 0.117304 0.150619 0.218846 -0.169428 -0.230394 -0.214818 0.181650 0.012039 0.250577 -0.160749 -0.130541 0.011832 -0.135533 0.185375 0.167362 -0.123555 0.109695 0.035311 0.090666 0.238428 0.151403 -0.198069 -0.064604 -0.066627 0.040718 -0.076934 -0.062215 -0.056185
-0.166334 0.114912 -0.002108 -0.011247 0.297146 -0.108836 0.435398 0.029323 0.214984 -0.048853 0.201937 0.150633 0.265612 0.031695 0.239118 -0.053202 0.168748 0.283279 0.298287 0.002663 -0.275642 0.135686 0.102293 0.112883 0.205633 0.256419 -0.052867 -0.055322 0.060640 0.080038 -0.104828 0.203059
0.049598 0.149296 0.105987 0.171720 0.157195 -0.131696 0.211468 0.072084 0.153465 0.154477 0.155627 -0.057564 0.093524 -0.119016 0.091878 0.068261 -0.145231 -0.013174 -0.127096 -0.116856 0.198788 -0.188701 -0.163212 0.046175 -0.255637 0.522891 -0.139927 0.225400 0.061475 0.307718 -0.094458 -0.491882
0.017820 -0.105547 -0.085322 0.045429 0.197329 -0.059645 -0.260478 0.014526 0.126405 -0.305136 -0.057242 -0.092829 -0.086228 0.098351 -0.013761 -0.266540 -0.146876 0.273657 0.152367 -0.093963 -0.159986 -0.051096 -0.135195 -0.144674 -0.127113 -0.158057 0.021668 -0.001693 -0.322407 -0.144751 -0.142175 -0.212630
-0.142821 0.097156 0.087964 -0.345167 0.225641 -0.296326 0.015284 0.012575 0.145706 0.012781 0.244387 -0.167993 0.159434 0.039684 0.270396 -0.197016 0.209821 -0.197945 -0.119159 -0.035586 0.492864 -0.215156 0.098132 0.006653 0.031799 0.009437 -0.122592 -0.271713 -0.183500 0.059809 -0.133449 -0.278711
0.112533 -0.130661 -0.010913 0.120093 0.262885 -0.005796 -0.441981 0.037364 -0.041699 -0.112399 -0.319745 -0.060047 0.102473 -0.152160 -0.291522 0.126340 0.028708 -0.090696 -0.186981 0.088277 -0.167068 -0.040780 -0.137392 -0.119923 -0.080719 0.074323 -0.336649 -0.067964 0.011447 0.051338 -0.060391 0.093737
0.032568 -0.115629 -0.016944 0.024209 -0.038019 -0.377865 -0.096386 -0.094688 -0.062552 0.233310 -0.167189 0.110534 -0.120878 0.210401 0.050310 0.063259 0.110929 0.086089 0.189597 0.108329 0.046528 -0.170501 -0.022612 0.251749 -0.040140 -0.107999 -0.173217 -0.043088 -0.072319 0.277024 0.010873 0.120546
-0.255465 0.007013 0.062168 0.111144 -0.037413 -0.295083 -0.017446 -0.353370 -0.226504 0.143239 0.124558 -0.054760 0.036895 -0.132600 -0.225208 0.076822 -0.054089 -0.263904 -0.238231 -0.233754 -0.171450 -0.285951 -0.187222 0.009351 0.004772 -0.354542 -0.445421 0.058466 0.244336 -0.238202 -0.223969 -0.188284
0.105988 0.198034 -0.029758 0.216012 0.006577 -0.146337 0.000505 0.075659 0.094613 -0.210420 0.184257 0.077442 -0.213624 0.095970 -0.174136 -0.053497 0.078494 0.144324 0.056429 -0.163120 -0.094747 -0.059322 -0.162046 -0.019053 0.130882 0.112717 -0.074359 0.101055 -0.229201 0.053429 0.158225 -0.054563
-0.042220 -0.028820 0.186560 0.259235 0.031427 -0.162456 -0.027630 0.204506 -0.032511 0.010018 0.079668 -0.076273 -0.180529 0.087353 0.325656 -0.240232 -0.038889 0.175250 -0.289525 0.261583 0.015648 0.127569 -0.537959 -0.337969 0.122788 -0.025233 0.166281 -0.080070 -0.020607 0.241969 0.016877 0.125463
-0.333616 -0.162529 0.027420 -0.012771 0.052010 0.084295 0.034650 0.013656 -0.031978 0.094993 0.077419 0.085242 0.438735 -0.181124 0.043667 0.114270 -0.089545 -0.158883 0.073701 0.054960 -0.107709 -0.093435 0.024456 0.093386 -0.061139 -0.287845 -0.069875 -0.001091 0.225790 0.000973 -0.393957 -0.168212
-0.234274 0.039048 0.183199 0.187146 0.032217 -0.245639 -0.233614 -0.267814 0.048855 -0.131240 0.077450 0.170427 0.112646 0.225466 0.092121 0.002226 0.118503 -0.162899 -0.098020 0.006928 0.150822 -0.049815 -0.229589 -0.047617 -0.111981 -0.054610 -0.311954 -0.087738 0.158158 -0.028165 -0.099439 0.040468
-0.229884 0.370163 -0.114616 -0.007414 0.012626 0.160697 -0.040561 0.111492 0.081406 -0.205420 0.133626 -0.057715 0.117006 0.151755 0.140524 -0.250517 0.115701 -0.138718 0.165252 0.213656 -0.088334 0.252982 0.031436 -0.083765 0.096756 -0.009911 0.128682 -0.246799 0.131075 0.080055 0.080567 0.303776
-0.003678 0.018120 0.009224 0.089953 0.059868 -0.024780 -0.410062 0.072149 -0.066200 0.065403 -0.066073 0.295917 -0.510095 -0.079952 -0.030135 -0.417944 0.137657 0.082104 -0.108629 -0.033110 -0.014111 0.006303 0.016976 0.046877 -0.150900 0.160613 0.224877 -0.200458 -0.047534 -0.208536 0.201734 0.217207
0.033868 0.014429 0.021302 0.236789 0.142675 -0.027857 -0.398698 0.212995 0.062099 -0.509804 0.255070 -0.228717 -0.178671 0.048522 -0.053490 -0.098521 0.097960 0.187811 -0.222541 0.114505 0.123044 0.006837 0.091210 -0.017638 0.418126 -0.106025 -0.096863 0.151437 0.036131 0.091551 -0.128438 0.022335
-0.205554 0.077445 0.329597 0.057156 -0.054018 0.287548 -0.464393 -0.088840 0.144417 0.295467 0.082127 -0.044721 -0.233462 -0.197594 0.007978 0.106936 -0.228322 0.074019 0.221370 0.077754 -0.164884 -0.124691 0.281572 0.137064 -0.074005 0.139308 0.142096 0.276450 -0.267194 -0.010954 -0.095824 -0.054771
0.100821 -0.353473 0.194358 -0.097693 -0.049759 -0.200835 0.205371 -0.063174 -0.002463 -0.048591 0.131590 0.031578 -0.215347 0.184576 0.037825 0.162591 0.013700 0.039611 -0.061385 -0.150726 -0.012002 0.241968 0.193026 0.280167 -0.269932 -0.143694 -0.077633 0.146327 -0.356081 0.112469 0.032250 0.085311
-0.172456 -0.057818 -0.091065 -0.266120 0.027361 0.071828 0.004266 -0.009608 0.340258 0.373633 -0.076196 0.118258 -0.183209 0.025401 -0.156597 -0.029761 0.124510 0.245314 -0.190701 -0.040257 0.129072 0.149938 0.148598 -0.227603 -0.046320 0.274504 -0.234483 -0.027096 0.089525 -0.057254 0.087294 0.121301
-0.077865 0.089670 -0.128712 -0.089754 0.279044 0.117395 -0.052199 -0.092781 0.117890 0.157672 0.072694 -0.188240 0.132261 -0.029525 0.363096 -0.060493 -0.044404 -0.106699 -0.150454 0.142276 0.082076 -0.140088 -0.063748 -0.194583 -0.053209 -0.205049 0.115290 -0.001778 -0.162667 0.114546 -0.099443 0.021453
-0.156133 -0.185337 0.604930 0.173583 0.161143 0.015990 -0.272296 -0.025078 0.135597 -0.290639 0.114737 0.131863 0.208069 -0.263551 0.057918 0.155190 -0.109264 -0.192388 0.089846 0.031498 0.089099 0.155129 -0.055257 0.008754 0.011199 0.069727 0.023252 -0.010387 0.318488 -0.151406 -0.082741 0.059350
0.361228 -0.332939 0.135781 -0.251774 0.009003 -0.284022 -0.149739 -0.095229 0.008980 -0.066225 -0.053553 0.226802 0.080366 0.143058 -0.138198 0.034157 -0.104645 -0.055293 -0.186612 0.160315 0.069685 0.226823 -0.087102 0.156729 0.095527 -0.027869 0.448714 -0.130206 -0.157944 -0.057876 -0.007688 -0.211488
-0.010670 0.035047 -0.013993 0.032242 0.168619 0.055120 -0.041837 0.029564 0.239124 0.313666 0.212098 0.157523 -0.044240 -0.067723 0.086418 -0.049769 0.065783 0.001573 0.198104 0.082339 -0.074909 0.383601 0.195792 0.042972 -0.096393 -0.019607 0.059794 -0.049412 -0.329606 -0.035734 -0.120840 0.032979
0.136231 -0.151263 0.132378 -0.062639 -0.023361 -0.180352 0.111673 0.060699 0.121792 -0.136460 0.031439 0.164803 -0.048592 0.045243 0.198061 -0.009175 0.317396 -0.083039 -0.103935 -0.197505 0.173152 0.212254 0.332455 -0.038047 -0.057126 -0.178547 -0.166923 -0.215152 0.041071 -0.012423 -0.022497 -0.027011
-0.128070 -0.042765 0.090856 0.143895 0.090352 -0.098381 -0.338744 -0.282022 0.136543 -0.231728 -0.199211 0.187911 -0.032467 -0.163508 0.347318 -0.062197 -0.160402 -0.149269 -0.035929 0.113728 0.181794 0.146779 0.297892 -0.060266 -0.002112 -0.018543 0.091087 0.196555 -0.063785 0.049183 -0.281428 0.315887
0.040990 -0.068845 -0.121386 0.114238 -0.299890 0.234620 -0.153769 -0.029280 0.000237 -0.234295 -0.260924 0.046658 0.068036 -0.161579 -0.035580 -0.048427 -0.024673 -0.003385 0.116063 0.175186 -0.214947 -0.127104 -0.137668 -0.098966 0.061884 0.196706 0.054548 0.291500 -0.235037 0.069218 -0.181642 -0.095708
0.228841 0.000511 0.237211 0.028162 -0.008852 -0.055184 -0.026329 0.084454 0.311067 0.154170 -0.261855 -0.143456 -0.212753 0.063147 0.149124 -0.343956 -0.179584 0.214907 0.028539 0.004560 -0.076428 0.049895 -0.105753 -0.258201 0.053949 0.264087 -0.007058 -0.134646 0.092792 0.070909 0.061214 -0.097339
-0.053735 0.119702 -0.093438 0.030204 0.241226 -0.053887 -0.185275 -0.024545 -0.278239 -0.219085 -0.033666 0.175253 0.209097 -0.257783 -0.044780 0.187305 -0.215798 0.165975 -0.169282 0.063854 -0.234237 0.186927 -0.069287 -0.055213 -0.190738 0.050618 0.077332 -0.022042 -0.159151 -0.108636 -0.085611 -0.251209
0.166466 -0.120195 0.016400 0.368542 -0.134226 -0.089372 -0.020079 0.063112 -0.205958 0.052085 0.148422 -0.052710 0.078015 0.166080 -0.018521 0.164773 0.107055 0.512196 -0.155386 -0.077194 -0.203737 0.215880 0.191338 -0.216621 -0.016564 0.265219 0.059108 0.321151 -0.207337 -0.185864 -0.051802 -0.092623

Weight 3:
0.325858 0.218006 0.413839 -0.238453 -0.085675 -0.155592 -0.120141 -0.330995 0.082762 0.196247 0.236374 -0.080377 0.183393 0.196265 0.224310 -0.054100
0.355268 -0.100087 0.177238 -0.314262 -0.078678 -0.069682 0.196476 -0.007343 0.318366 -0.411909 -0.345644 0.039304 -0.134541 0.082750 -0.444239 -0.271944
0.042927 -0.033182 -0.075873 -0.220936 0.150660 0.142375 0.044246 0.014134 0.091626 0.182335 -0.219630 -0.141988 -0.230392 0.564470 -0.353200 -0.128334
-0.001295 -0.145366 0.159636 0.225927 -0.418352 -0.263416 -0.316698 0.008894 -0.003445 -0.016350 0.117512 0.143955 0.179209 0.317916 -0.212885 0.217277
0.130024 -0.093696 -0.229915 -0.006092 -0.188625 0.473801 0.596312 0.170499 -0.323309 -0.106614 0.212604 0.048570 0.218671 -0.113093 -0.021705 -0.093545
0.139285 -0.263977 -0.132022 0.027784 0.169235 -0.045622 0.178784 -0.065556 -0.274905 -0.146232 -0.021469 0.268449 0.044818 0.109441 -0.108661 -0.206600
-0.038093 0.258652 -0.087646 0.019979 0.015196 -0.025762 0.259380 0.034108 0.123188 0.249642 0.005029 -0.284480 -0.041536 -0.192844 -0.124884 -0.094397
-0.358367 0.158405 -0.639874 0.348407 -0.042142 -0.203038 0.352674 -0.428936 0.125835 0.162281 -0.110929 -0.081167 -0.311106 -0.016458 0.253235 -0.071119
0.293515 -0.611162 -0.133417 0.263485 -0.201901 -0.251268 -0.206547 -0.032656 -0.029632 -0.127952 0.100310 0.310657 -0.184122 -0.011881 -0.130895 -0.202937
-0.200107 0.250359 -0.030008 0.113079 -0.299642 -0.064319 0.292473 0.175526 -0.107014 -0.448388 -0.345675 -0.359408 0.151133 -0.276722 -0.128128 -0.251124
0.104881 0.410353 0.009908 0.124577 0.039061 -0.014170 0.412154 0.297164 0.191218 0.203545 0.108881 -0.083878 0.155822 0.184235 -0.138270 0.193548
0.066566 -0.280757 0.514493 -0.076435 0.366650 0.291907 -0.092787 0.150080 0.010239 -0.135147 -0.213185 -0.190638 0.247500 -0.082633 -0.397799 -0.098988
-0.182289 0.048839 -0.509121 -0.150808 -0.138352 -0.068671 0.179080 0.716004 -0.375757 -0.306252 -0.186190 -0.329256 -0.124135 0.410513 0.095810 -0.219882
0.116871 0.279675 -0.134122 -0.224319 -0.023567 0.378273 0.232570 0.007507 0.291920 -0.342661 0.075528 -0.189740 -0.091542 0.097240 -0.238793 0.202080
0.030569 0.361780 -0.251957 -0.276994 -0.081275 0.061326 0.238446 -0.062715 -0.460760 -0.252119 -0.316140 -0.187065 -0.137596 -0.348321 0.094890 -0.404470
0.300734 -0.241778 0.259142 0.140137 -0.122895 0.194383 0.029985 0.362701 0.286745 0.127865 -0.249091 -0.149116 -0.022745 0.043489 -0.110158 0.251037
0.209641 -0.167281 0.067426 0.155389 0.210197 -0.052695 -0.251443 0.056082 -0.016038 0.058126 0.144095 0.017028 0.419871 0.256682 -0.001262 0.339683
-0.013493 0.445056 -0.152451 0.033204 0.415410 -0.570222 -0.157157 -0.281474 -0.206733 0.361863 0.034289 0.026364 -0.181176 0.108633 -0.028029 -0.289136
-0.124141 -0.021911 -0.059226 -0.059967 0.156949 0.178929 0.250050 0.303080 -0.068812 0.028252 -0.257334 -0.242998 -0.002162 0.119579 0.210378 0.080173
0.497430 0.084467 0.012754 -0.077132 -0.531166 -0.153872 -0.031130 0.511580 0.248528 -0.049242 0.032999 0.132304 -0.101541 -0.272104 -0.105051 0.094941
-0.241936 0.019251 0.091605 -0.321137 -0.278099 0.114459 -0.226149 0.391284 -0.414988 -0.082873 0.236510 0.104855 -0.307409 0.076889 0.402940 0.260136
0.248705 -0.130134 0.071469 -0.115298 0.438079 -0.252207 0.071331 -0.287611 0.126705 -0.267950 0.009136 0.230552 0.197386 -0.195802 0.333064 0.051440
-0.123066 0.087571 0.394255 -0.110892 0.240309 0.263311 0.229303 -0.054103 -0.019242 0.004024 -0.214061 0.023093 -0.046584 -0.040263 -0.432774 -0.150729
0.135128 0.173361 -0.205763 0.401872 0.217066 -0.357869 0.220035 -0.206302 0.166240 -0.050179 -0.338932 -0.082443 0.044824 -0.007321 -0.056137 -0.074773
-0.042973 0.253931 -0.033661 0.228471 -0.051998 -0.166328 0.008764 -0.209822 -0.295141 0.504394 -0.168407 -0.496088 -0.068926 -0.023704 0.016428 -0.269926
0.064876 0.343294 0.066666 0.321291 -0.036322 0.089907 -0.081725 -0.200317 0.305197 -0.522806 -0.105569 -0.163164 0.075081 -0.315169 -0.003880 0.221481
-0.233122 -0.200937 0.079646 0.355243 0.063050 -0.020267 0.076001 0.205977 0.005568 0.178645 0.032381 -0.323518 0.269264 0.121627 0.057633 -0.171344
-0.003579 0.319853 -0.024822 -0.167592 -0.288068 0.149651 -0.299474 -0.057965 -0.057980 -0.256700 -0.046373 0.049969 0.240943 -0.406467 -0.059486 0.240207
-0.296082 0.271433 0.266657 -0.096513 0.140627 0.172651 -0.386574 0.119915 0.006988 -0.179441 0.193403 0.114932 0.130323 -0.036954 -0.118079 -0.082995
0.172421 0.159656 0.339003 -0.621837 0.108668 -0.193837 -0.191438 -0.111283 0.416063 -0.459475 -0.345558 -0.059191 0.025061 0.478620 0.141896 0.079050
0.140768 0.164402 -0.554989 -0.192106 -0.302311 0.178949 0.185686 0.514661 -0.445760 0.185051 -0.060545 0.068183 0.325716 0.142725 -0.048894 -0.146826
0.310779 0.032065 0.121721 0.029018 -0.150963 0.213964 -0.164465 0.023654 0.225271 0.123083 -0.096096 0.065769 0.033802 0.367204 -0.506920 -0.214285

Weight 4:
0.012245 -0.147518 0.548279 0.013098 0.021185 0.213244 0.105451 0.085678 0.089594 -0.056591
0.262602 -0.177786 -0.026403 0.464523 0.187801 0.027474 -0.094660 -0.189376 0.144015 0.115687
-0.051566 -0.441772 0.263298 0.335230 -0.315314 0.330780 0.432256 -0.300608 0.070171 -0.040528
-0.196698 -0.190799 -0.281992 -0.236847 0.277895 0.565161 -0.079347 0.057454 -0.097222 -0.173031
0.016263 -0.216691 -0.213847 -0.179159 0.620659 -0.477548 -0.030700 0.135548 0.074533 0.131525
-0.102851 0.022417 -0.346641 -0.097147 -0.213028 0.577013 0.041560 0.184391 0.069557 -0.068121
-0.164509 -0.274179 0.131655 0.034399 -0.037831 0.001268 0.292834 -0.381474 -0.219559 -0.070568
0.091106 -0.230835 -0.149840 0.102287 0.237406 0.004139 -0.047030 -0.379102 -0.047478 0.168027
-0.155038 0.410014 -0.213876 0.258361 -0.085646 0.002625 -0.074694 -0.635376 -0.167640 0.039593
0.040470 -0.169816 0.216435 0.347424 -0.088396 -0.202297 0.246767 -0.082424 -0.236380 -0.126853
0.219901 0.226634 -0.141015 -0.470162 0.165496 -0.023488 -0.235419 -0.082139 0.195804 0.225620
0.124882 -0.009190 0.008184 0.366148 -0.322877 -0.099517 0.111626 -0.002500 0.150273 0.262001
0.521375 -0.172354 -0.376423 0.022679 0.220687 0.051020 -0.286187 -0.195835 -0.242099 -0.068736
0.037141 0.253462 -0.152848 -0.383273 0.613420 -0.501459 0.039683 0.187044 0.036381 0.054962
-0.089407 -0.019610 -0.158094 0.587632 0.204073 0.322857 -0.359335 -0.189503 -0.022356 -0.045347
-0.336160 -0.101589 -0.022393 0.291965 -0.149527 0.045046 -0.291436 0.207508 -0.035126 -0.076325

