input: 10
hidden: [32, 32]
output: 8
Weight 0:
0.145774 -0.165745 -0.580648 0.705707 -0.523123 0.379454 0.285553 -0.105959 -0.117328 -0.820978 0.147339 0.277518 -0.487272 -0.069728 0.016701 0.261169 0.001776 -0.727312 -0.236706 0.100275 0.376358 -0.276202 0.978426 -0.846952 -0.252539 -0.037179 -0.089910 -0.551065 0.199851 0.165766 0.021883 0.148565
-0.189119 -0.722871 -0.320158 0.070357 0.072550 0.018681 0.245615 -0.260002 0.011739 0.255788 -0.037422 -0.556068 -0.429826 0.371852 0.622660 0.525314 0.103123 -0.537863 -0.002717 0.698824 0.276882 -0.092876 0.280781 -0.567797 -0.310292 -0.484920 0.209972 0.319043 -0.068350 -0.390324 -0.009221 -0.217976
-0.356693 0.151435 -0.339151 -0.700313 -0.600892 -0.717051 0.110791 0.067152 0.045336 0.262800 0.532750 -0.264658 0.181803 -0.706408 0.616552 -0.556486 -0.317594 -0.267436 -0.682718 0.014169 0.095343 -0.084663 -0.688382 0.887176 0.245283 1.178356 -0.360152 0.428721 0.348130 -0.129651 0.631331 -0.181167
-0.161358 -1.552686 0.183105 -0.593017 -0.246373 -0.458781 -0.163165 0.198086 0.005079 0.317409 0.566224 -0.164623 -0.213783 0.428418 0.463488 0.330987 -0.426368 0.189526 0.049118 0.470841 -0.256030 -0.745324 0.308748 -1.144217 -0.327223 -0.457167 -0.460860 -0.334895 0.544001 0.366676 -0.112531 0.506910
-0.475543 -0.535562 0.386306 0.259494 -0.205743 -0.507927 0.652689 -0.769317 -0.267626 0.102219 0.805770 0.171172 0.215098 -0.254704 0.254562 0.047186 -0.710707 0.354218 0.434173 0.359276 0.014659 -0.427483 -1.032803 0.070165 0.484350 0.445185 0.365393 -0.033489 0.486548 0.413608 -0.189304 0.302495
-0.239461 0.241107 -0.580637 -0.546856 0.473291 0.419303 0.283838 0.039335 -1.069540 -0.033320 0.202913 -0.239158 -0.318444 0.645794 -0.027018 0.203040 0.345778 -0.447987 0.086849 0.590132 0.813613 0.018019 -0.106366 0.120368 0.108739 0.620586 -0.445128 -0.125397 -0.499704 -0.452696 0.167865 0.362033
-0.290461 0.345542 0.497316 0.865175 0.031128 -0.286130 -0.448336 -0.492792 0.558943 -0.677524 0.544644 -0.388699 -0.306213 -0.067850 -0.314500 0.416725 0.810891 -0.294175 -0.193275 -0.072753 0.241793 -0.068622 0.620179 0.512590 -0.529782 0.232652 0.680268 -0.221403 -0.131124 -0.236271 -0.227167 -0.746054
-0.593856 0.034437 0.676708 -0.274122 -0.287365 0.760875 -0.496112 -0.742712 -0.370195 -0.296422 -0.781746 -0.057125 0.423723 -0.574937 0.039057 0.177211 -0.037026 0.083016 0.087747 -0.363970 0.670188 0.557803 0.532391 0.453720 -0.704582 0.413995 0.292918 -0.687173 -0.096233 0.124168 0.744952 0.324210
-0.386284 0.758136 0.019547 -0.114563 -0.146453 -0.726066 -0.049200 0.222603 -0.172674 0.187940 -0.386497 -0.063113 0.141429 0.084866 -0.718002 -0.196469 0.750166 -0.220198 0.007081 -0.038788 0.701576 0.577044 0.360976 -0.435124 0.160629 0.253915 -0.312450 -0.389289 0.762619 -0.134685 0.722078 0.445843
0.182139 0.202481 -0.626348 0.092673 0.633845 0.304517 0.069257 0.765713 -0.082687 -0.277087 0.068517 0.342783 -0.768055 0.127268 0.362603 -0.120776 0.494819 0.286448 0.957860 -0.335827 0.371298 -0.454770 -0.722333 -0.910148 0.240967 0.082590 -0.213688 -0.793464 -0.308733 0.001998 0.354386 -0.007427

Weight 1:
0.062039 -0.093638 0.438574 -0.254478 -0.176877 -0.123400 0.134859 -0.261950 0.033966 0.041434 -0.177307 0.082499 -0.252932 -0.280561 0.024660 -0.413928 -0.534339 0.133198 0.261168 -0.117944 -0.168982 0.250054 -0.286937 -0.339955 0.178878 0.001821 0.266630 -0.536896 -0.350438 0.004054 0.101340 0.209876
0.042877 0.041586 -0.096020 0.397676 -0.278148 0.089528 -0.248343 0.131595 -0.258887 0.186207 0.024232 0.436306 -0.070569 0.104910 -0.194413 -0.071063 0.028230 -0.381982 -0.355278 0.149233 -0.038614 -0.149932 -0.184973 -0.173882 0.029620 0.110852 -0.522522 0.351775 0.335028 -0.581578 0.268732 0.262578
-0.000957 -0.323777 0.255615 -0.059879 0.134297 0.554610 0.061578 -0.231678 -0.084146 -0.197477 0.104332 -0.201307 -0.118868 -0.322405 -0.033451 0.045300 -0.669108 0.064885 -0.012572 -0.192621 0.505071 0.238052 -0.274877 0.210373 0.313123 0.032544 0.090722 0.083441 -0.521983 -0.046295 -0.062539 0.355661
0.082724 -0.073995 -0.020749 0.256386 -0.048492 -0.174642 -0.069913 0.233069 0.124046 0.010950 0.044445 -0.139843 -0.049278 -0.166950 -0.073891 0.337442 -0.267814 -0.172217 -0.314365 -0.368792 -0.048610 -0.156160 0.439520 -0.070166 0.324166 0.241315 -0.051934 0.526217 0.066731 0.378596 0.346652 0.102090
0.187244 0.156183 -0.284428 0.014791 0.266832 0.381546 -0.180579 0.130225 0.038010 -0.029280 0.086028 0.054441 0.134218 0.359406 0.195850 0.078470 0.467519 0.277380 -0.023629 -0.305358 -0.248649 0.231746 -0.158367 -0.251416 -0.187776 -0.172610 0.212617 -0.040947 -0.343188 0.007951 0.052976 -0.121379
0.288060 -0.104736 0.278216 0.149277 0.229904 -0.275184 0.023297 -0.015604 -0.355488 0.276713 -0.207886 -0.152226 -0.254015 0.173924 -0.381431 0.154984 0.262562 0.134494 0.177209 0.188895 -0.239222 0.357507 -0.115397 -0.015948 -0.081423 0.122477 -0.133708 0.015004 -0.309155 0.291786 0.164534 -0.074647
-0.117918 0.161500 -0.175682 0.031522 0.288722 -0.203046 0.091670 0.076984 -0.024196 -0.125620 0.300628 -0.149485 -0.453935 0.159155 -0.300654 0.173793 0.335252 0.157379 0.267001 0.503842 0.240078 0.081396 0.407958 0.439468 0.444069 -0.123503 -0.338321 -0.139946 0.175699 0.039974 -0.054334 0.138512
-0.368596 0.035551 0.280498 0.137210 0.171349 0.398984 -0.017168 -0.165470 0.297498 0.293235 0.136040 -0.040122 -0.000679 -0.320383 0.278030 0.270298 -0.326250 0.216877 0.099944 -0.256719 -0.303235 0.092318 -0.099740 0.455994 0.240049 0.118005 0.131107 0.330656 0.211452 0.125407 -0.248310 0.763633
-0.276817 -0.077755 -0.412105 0.135011 0.035096 0.191197 -0.435803 0.276001 -0.202039 -0.037431 0.228987 0.065444 0.082189 0.198633 0.106705 -0.084066 -0.039538 0.052863 -0.225037 0.247646 0.070210 0.017230 0.297411 -0.029108 -0.043641 -0.121598 0.085986 0.075816 -0.167055 -0.044053 -0.167633 -0.178142
-0.433518 -0.057357 -0.424143 -0.115480 -0.155280 0.262725 -0.254393 -0.192556 -0.095575 -0.144876 0.338775 -0.284620 -0.095950 0.081812 0.219614 -0.093981 -0.477669 -0.037473 0.336952 0.069025 0.057363 -0.266787 -0.291862 0.005435 -0.354559 0.194959 -0.211473 -0.007732 -0.471644 -0.098373 -0.299343 -0.582537
0.134926 0.410559 0.283126 0.170460 -0.105090 0.201364 0.305767 0.032544 -0.295888 -0.124551 0.422677 -0.018911 -0.832038 -0.367948 -0.106621 0.259916 -0.066635 0.263350 -0.132588 -0.492307 -0.124361 0.085151 0.064998 -0.312807 -0.085893 0.670826 -0.308363 0.163629 -0.524443 0.216036 -0.225664 0.098926
-0.323685 0.073247 -0.226325 -0.178974 0.108492 -0.108048 0.094049 -0.049820 0.017086 0.111718 -0.091156 -0.249022 -0.133550 0.297642 0.029059 -0.210391 0.102217 0.116942 0.128794 -0.245538 -0.172487 -0.170556 -0.090647 0.135650 0.075918 0.093548 0.339045 0.170678 -0.035881 -0.295285 -0.181675 -0.066923
0.206026 -0.006242 -0.162610 -0.183181 -0.020183 0.222134 0.396237 -0.053976 -0.011343 -0.303290 0.480558 -0.350006 0.292442 -0.092789 -0.150063 -0.276378 0.604698 0.055417 0.004020 0.220334 -0.164793 -0.000777 0.013597 -0.127038 0.301830 -0.054812 -0.387726 -0.076625 0.061818 -0.222653 -0.206692 -0.138405
0.304569 -0.121731 0.359026 -0.153096 0.079771 -0.111582 0.188370 -0.281817 0.185725 0.028619 -0.163066 -0.041618 0.381755 0.033290 -0.176238 -0.300285 0.127707 0.049077 0.173154 -0.366916 -0.294736 0.285422 0.082217 0.134031 -0.238677 -0.246184 0.247779 0.257320 -0.272026 -0.319956 -0.030116 -0.201936
-0.205929 -0.312294 -0.116334 -0.288666 -0.275437 0.074096 -0.014408 0.119114 -0.412462 0.002914 0.515627 -0.093130 0.205351 0.203000 0.215544 0.042420 0.143144 0.174847 0.157633 -0.280855 -0.428316 -0.389086 -0.067745 0.149392 -0.274027 0.230889 -0.125137 -0.124581 -0.209329 -0.471243 0.054446 0.426329
-0.016450 -0.462409 0.196798 -0.405525 -0.304000 -0.059756 0.030141 -0.254479 -0.069540 0.178788 0.209808 0.312896 0.475929 0.201307 -0.054814 0.215587 0.118078 0.126765 0.043547 -0.229348 -0.258769 -0.025615 0.036591 -0.169278 0.107867 0.519327 -0.435822 0.143664 -0.016689 0.112543 -0.110595 -0.038567
0.031711 -0.075264 -0.378261 -0.057911 -0.356072 0.163315 -0.467073 0.254906 0.107620 0.108430 -0.544515 -0.082099 0.287180 -0.130895 -0.269560 -0.158295 -0.015615 -0.212898 0.307887 -0.017207 -0.140833 -0.327110 0.120247 0.116006 -0.196263 -0.560030 0.102798 -0.048680 0.083849 0.489676 -0.009580 -0.130154
-0.287693 -0.077590 0.041317 0.013306 0.428422 0.124493 -0.034700 -0.178779 0.066782 -0.226475 0.041247 0.121863 -0.054603 -0.158634 -0.546639 0.287020 0.102853 0.106707 -0.391556 0.343617 -0.118154 -0.073564 -0.267928 -0.445747 0.291307 0.321450 -0.041161 -0.171045 -0.094705 -0.086941 -0.302763 -0.074678
0.037846 0.254886 0.004884 -0.393774 0.086663 -0.064188 0.341946 0.355393 0.366357 -0.140108 0.494517 0.087677 0.405794 -0.126538 -0.074855 0.069136 0.039312 0.313579 -0.058755 0.290080 0.181430 -0.054924 0.162943 -0.117728 0.589378 -0.666710 0.168393 -0.442628 -0.056706 -0.021223 0.374279 -0.174430
0.326219 -0.294591 0.338209 -0.118008 0.016857 -0.084185 0.320330 0.269707 0.110728 -0.287818 -0.181832 -0.257158 -0.563558 0.314252 -0.082682 -0.083754 0.375425 -0.118853 -0.210850 -0.057608 -0.284703 0.085048 -0.093869 -0.126046 -0.146480 -0.027292 0.020875 -0.132021 -0.089747 -0.020557 -0.048501 0.005658
-0.169819 0.251491 0.025422 -0.125695 0.084629 -0.018943 -0.434323 0.083019 -0.254782 0.234018 -0.063629 0.195072 -0.158453 0.016313 0.302512 -0.066758 -0.146484 0.163851 0.158167 -0.138178 -0.498058 -0.153786 0.168865 -0.193183 -0.000995 -0.165017 -0.482540 -0.170682 0.168046 -0.592231 0.060068 -0.298056
0.150941 0.179015 -0.041198 -0.042149 -0.204229 -0.336678 0.422994 -0.218893 0.391861 -0.214772 0.127150 -0.284146 0.130126 -0.082962 -0.078119 0.153500 -0.115369 -0.356921 0.189347 -0.287631 0.126977 0.241756 -0.094487 0.296377 0.122232 -0.174469 0.350919 -0.286980 -0.094549 -0.050810 0.148220 0.277035
0.261946 0.056439 -0.068236 -0.455929 -0.330578 0.441194 -0.460262 -0.199072 0.285723 0.052567 0.227906 0.135930 0.365965 0.072117 0.165423 -0.180354 0.148194 -0.098547 -0.114336 0.222272 0.223210 0.420802 0.405316 0.229917 -0.427905 0.456094 0.230414 -0.193655 0.181963 -0.259060 0.151028 -0.331410
-0.203063 0.177996 0.269473 0.081274 -0.074204 -0.528913 -0.053542 0.131299 -0.079029 -0.005447 -0.050341 -0.080297 0.018725 -0.069406 0.360825 -0.550437 -0.134341 -0.217760 0.053648 0.018198 0.403569 0.486476 -0.193865 0.001103 0.050737 -0.199506 0.157420 -0.060930 -0.267369 -0.069053 -0.252007 0.257726
0.474717 0.061543 0.028851 0.038048 0.293593 0.290016 -0.029499 0.061280 0.163490 -0.284060 0.299815 0.433610 0.290608 -0.312352 -0.492640 0.178228 -0.188225 0.071515 0.382813 -0.165382 -0.096093 0.067844 -0.324951 -0.188484 0.008025 -0.075409 0.152149 0.689996 0.024512 -0.209949 0.351883 -0.398685
-0.347979 -0.148221 -0.070376 -0.155276 -0.009658 0.068225 0.266216 0.020855 -0.140145 0.254414 -0.208046 -0.408192 0.301361 0.284453 -0.197982 -0.098985 -0.227433 0.081414 0.431703 0.174686 0.257268 0.203991 -0.000268 0.271931 0.187978 0.359926 -0.114408 -0.435857 0.260868 0.088226 -0.076949 -0.061297
0.637884 -0.160029 -0.211465 0.021845 0.292496 0.569495 0.163246 -0.319772 0.492703 -0.004950 -0.213021 -0.269751 0.208414 0.058549 0.085955 0.322606 -0.198725 0.341468 -0.130665 0.539804 0.147709 -0.231794 -0.507288 0.202819 -0.091661 -0.039432 0.191819 0.251534 0.305477 -0.293400 0.354015 -0.146334
-0.565198 -0.294332 0.056182 -0.244341 -0.024469 0.084526 -0.046056 -0.125821 -0.312847 0.005417 -0.520020 -0.171416 -0.233037 -0.061096 -0.053945 0.241325 0.397938 -0.279457 0.497207 -0.196300 0.041283 0.126559 0.610574 -0.134568 -0.447227 0.372204 -0.208309 -0.091928 -0.279670 -0.089445 -0.212820 0.167020
0.019185 -0.169762 0.250091 0.063840 -0.463588 0.229546 0.045363 0.345346 0.030750 -0.197674 -0.054839 0.201010 -0.193583 -0.111259 -0.056030 -0.286363 -0.187175 0.043187 0.299305 0.077781 -0.013252 -0.208877 0.273410 0.109355 -0.174532 0.224313 0.140328 -0.204939 -0.025729 -0.123004 0.655291 0.130913
0.045761 0.118721 0.345702 -0.020929 -0.149607 0.210605 -0.044807 -0.269694 -0.316230 0.382642 0.029204 -0.147358 -0.059153 0.200728 -0.073684 -0.361470 0.083362 0.302045 0.284038 -0.141125 0.315462 0.052064 0.309871 0.144383 -0.378393 0.436449 0.013480 0.142774 -0.336487 0.126785 0.272683 0.482090
0.349113 0.139117 -0.385224 0.032918 -0.150009 0.058168 -0.305388 -0.055011 -0.129346 -0.136450 -0.138402 -0.033806 0.071036 -0.625922 -0.594230 -0.084022 -0.047781 0.047372 -0.183157 0.001136 0.029864 -0.184602 0.253154 0.045163 0.138624 0.017028 0.526638 0.147557 -0.122410 0.205821 -0.412668 0.028230
0.078849 0.033256 -0.082530 -0.253111 -0.198926 0.024963 -0.279286 0.440132 -0.660285 -0.080267 0.024076 0.126884 -0.229874 0.282290 -0.348754 -0.140869 0.156771 0.260226 -0.352171 0.659943 -0.226112 -0.328987 0.125455 -0.086203 -0.121996 0.148557 -0.381188 -0.427396 -0.149595 0.269817 -0.141842 0.397939

Weight 2:
0.294840 0.056172 0.085401 0.049441 0.028025 -0.091362 -0.077711 -0.265019
-0.556858 0.265793 0.040462 -0.013877 0.090003 -0.207289 -0.260278 -0.069685
0.336106 -0.306794 -0.655815 -0.150659 0.273838 -0.431927 -0.309126 0.067851
0.639297 -0.347040 -0.348494 0.074555 0.294801 -0.156802 -0.411556 0.109340
0.149520 0.433906 0.165178 0.192409 -0.074224 0.609959 -0.109299 -0.152245
0.443441 -0.390500 -0.460488 0.000461 -0.017760 -0.056706 0.227934 -0.224044
0.010894 -0.102328 -0.221799 -0.031430 0.203331 0.530181 0.133951 -0.626515
-0.014778 -0.000710 0.235239 0.027515 0.301994 0.098168 0.376795 -0.108286
0.032374 0.195740 -0.143063 -0.212647 -0.165307 -0.187478 0.120199 -0.457090
-0.393717 0.454335 -0.180208 0.032627 -0.382722 0.023944 -0.191475 -0.388793
0.326197 0.276787 -0.025124 0.224829 0.460694 0.188876 0.102054 0.052080
0.158916 -0.100185 -0.068491 0.098983 -0.126198 -0.090880 -0.009350 0.288826
-0.288550 0.176185 0.198294 0.177403 -0.212821 -0.423545 0.126464 0.049550
0.246078 -0.187685 0.190679 0.245657 -0.034217 0.105117 0.082667 -0.203453
0.129979 0.398440 0.005705 -0.374558 -0.176840 -0.444331 0.315893 0.192306
-0.129469 -0.365922 -0.207583 -0.174820 0.018824 0.019027 0.324461 -0.172178
-0.381950 -0.301743 -0.005522 -0.200175 -0.083539 -0.112308 0.234674 -0.144765
-0.101866 0.161154 -0.139437 0.080541 0.067721 0.036260 -0.301668 0.309246
0.547163 -0.016918 -0.260526 -0.019321 0.231573 -0.152869 -0.050204 0.087774
0.294611 0.180602 0.205371 -0.124719 0.088847 -0.181125 0.198534 0.290337
0.133278 -0.102941 -0.049964 0.438215 -0.096214 0.261136 0.075726 -0.081497
-0.342683 0.036949 0.023279 0.429270 -0.228211 0.573938 0.079849 0.097327
-0.154734 0.062422 0.119182 0.211863 -0.257709 0.352929 0.074105 0.154824
-0.061456 -0.246301 0.019057 0.026850 -0.358614 0.198784 0.235116 -0.179677
-0.261266 -0.089256 0.007621 -0.084764 -0.026954 0.054022 -0.354490 -0.311822
-0.689719 0.215073 0.005614 0.234747 -0.301145 0.006908 0.034497 -0.137260
-0.393756 0.423224 0.350492 -0.113561 0.116831 -0.121162 -0.261333 0.458990
-0.418760 -0.084533 0.021920 0.395066 0.214205 -0.418473 -0.012357 0.006713
-0.059112 0.149911 -0.351927 -0.109977 0.114869 0.169744 0.032063 -0.070946
-0.033284 0.176521 0.009177 -0.272516 -0.315497 -0.371881 0.355466 0.202963
-0.032214 -0.127998 -0.142406 0.252813 0.464517 -0.151622 0.270173 0.009110
-0.060980 0.358633 -0.000893 0.050259 0.047032 -0.406252 0.056081 -0.137887

Bias 0:
0.000645 -0.000450 -0.000407 -0.000456 -0.000406 0.000158 -0.000576 0.000354 -0.000556 -0.000267 0.000103 0.000508 -0.000208 0.000349 -0.000669 0.000338 0.000907 0.000857 -0.000868 0.000413 0.000388 -0.000095 -0.000793 -0.000115 -0.001541 -0.000174 -0.000829 0.000847 -0.000872 -0.001049 0.001055 -0.000067

Bias 1:
-0.001787 0.000791 0.002548 0.000353 -0.004029 -0.000573 -0.001762 -0.004484 -0.000045 0.000473 -0.007156 0.000103 -0.001735 -0.002383 -0.000638 0.001790 0.003450 0.000023 -0.002063 -0.002509 -0.003621 -0.002468 -0.001010 0.001682 0.003837 -0.000880 0.000728 -0.003239 -0.000621 0.000705 -0.005901 -0.003580

Bias 2:
-0.011293 -0.027397 0.001713 -0.037720 -0.022478 0.000520 -0.026076 0.004061

