input: 13
hidden: [15, 15]
output: 1
Weight 0:
0.639732 0.479364 0.278667 -0.169287 -0.127393 0.315186 0.118914 0.126127 -0.019399 -0.167813 -0.525659 0.276356 -0.121932 -0.147743 -0.692115
0.038171 -0.525057 -0.189173 0.280845 0.031465 -0.048840 -0.311804 -0.205607 0.622255 0.305314 -0.168974 -0.041200 0.079387 0.153597 -0.001507
-0.694280 -0.009977 -0.035007 0.803506 1.055948 0.251367 -0.262502 0.270754 -0.666835 -0.205538 -0.635159 0.204559 -0.466889 -0.104408 -0.019282
-0.012657 -0.195060 0.146484 -0.464851 0.676685 -0.399176 0.035453 0.234312 0.267924 0.302222 -0.636770 -0.351820 0.062235 0.198015 0.487740
-0.189751 -0.336790 -0.264230 0.822374 0.607136 -0.085258 0.435322 -0.217905 0.379290 -0.551410 0.163237 0.431626 -0.189631 0.181170 -0.199004
0.119162 -0.199108 0.330151 -0.471052 -0.402003 0.517326 -0.953238 -0.266071 -0.054389 0.132323 -0.199955 -0.420035 0.477190 0.410112 -0.150609
-0.700853 0.116977 0.078095 -0.250808 -0.768399 -0.104308 0.312365 0.355773 -0.016915 -0.244158 0.284090 -0.447049 -0.523340 -0.025098 0.602414
0.628589 -0.502880 -0.211049 0.904074 -0.255971 0.620917 0.326502 0.472984 -0.171504 -0.171988 -0.339048 0.339558 -0.692476 -0.114121 0.659211
0.232351 0.391172 -0.645295 -0.386603 0.463770 0.050049 -0.410179 0.242356 -0.209066 0.992941 0.232427 -0.353065 0.339700 0.626631 -0.000711
-0.298321 0.021651 -0.254662 -0.118075 -0.539799 0.338309 -0.471348 0.239124 -0.117826 0.083428 -0.180595 0.089622 0.149719 -0.157396 -0.671590
0.130420 0.144831 -0.554648 -0.364752 -0.140378 -0.895524 0.285360 -0.202833 0.113675 -0.421365 0.780869 -0.539553 -0.199300 0.465696 -0.451470
0.022146 0.212219 -0.511552 -0.150274 0.045948 0.208297 -0.210433 0.699938 0.183490 0.315647 0.238678 -0.644658 0.044522 0.082973 -0.134247
0.083399 -0.815576 0.037439 -0.147279 -0.824374 0.159035 -0.479421 -0.135989 -0.100206 -0.719778 -0.666683 0.197797 -0.239063 -0.156175 0.031830

Weight 1:
-0.618934 -0.118769 -0.062350 0.693381 -0.380516 0.302089 -0.016140 -0.391344 -0.178859 0.298056 0.253804 -0.112740 0.153008 -0.404599 -0.063107
-0.178327 0.310703 0.199923 -0.302011 -0.164062 -0.031192 -0.041959 -0.123119 -0.182697 0.516752 -0.133242 0.028761 0.851168 -0.274918 0.076031
0.100226 0.011081 -0.001926 -0.291940 0.107018 -0.659544 0.647583 0.636115 -0.092151 0.377877 -0.123669 0.045545 -0.230783 0.280842 -0.215944
0.331285 0.045633 -0.067499 -0.432597 -0.073244 -0.377820 -0.011991 0.752245 -0.396331 -0.082089 -0.296981 -0.214502 -0.221609 0.468952 0.624367
-0.385751 0.141395 -0.329644 -0.257455 -0.740249 0.774456 0.404055 -0.241455 0.094655 -0.144146 0.350966 -0.138677 -0.077197 -0.235338 0.221977
0.820669 -0.084722 -0.127051 0.025773 0.065127 -0.096499 -0.153991 0.043926 -0.604652 -0.208889 -0.750982 -0.128156 -0.325254 0.207666 -0.271489
-0.110618 -0.752736 0.344536 -0.340614 -0.225168 0.303155 0.268261 -0.382493 0.249163 -0.435664 0.051882 -0.202323 -0.337570 -0.019876 -0.267227
0.714990 -0.255241 -0.407755 -0.380907 0.039033 0.022853 0.129389 0.311003 -0.663385 0.364465 -0.302756 0.067482 0.597350 -0.260533 -0.303640
-0.371875 -0.120313 0.461778 -0.403075 -0.184885 0.356420 0.226685 -0.179796 -0.072067 0.331447 0.574905 0.628088 0.505504 -0.245670 0.665528
-0.297211 -0.641041 0.079140 0.468881 0.302286 -0.052294 0.127858 0.166933 -0.015681 -0.089934 -0.229824 -0.062356 -0.086951 0.043931 0.388040
-0.113956 -0.107832 0.103837 0.898780 -0.348996 0.375813 -0.090619 -0.044855 -0.537688 0.700118 0.115689 0.152966 -0.583935 -0.196805 0.157393
-0.011568 0.226761 0.703432 0.301144 -0.262416 -0.195282 -0.315667 -0.110200 -0.024927 0.014100 0.125152 0.331822 0.118544 0.002116 0.915599
-0.277632 -0.032772 -0.631695 -0.175984 -0.297626 -0.279994 -0.421933 -0.507435 0.009170 0.267993 -0.260912 -0.793263 0.018600 0.193815 0.249747
-0.372854 -0.220769 -0.397872 -0.274272 -0.288179 -0.191251 -0.090442 0.043399 -0.309877 -0.055379 -0.329840 -0.643702 0.193055 -0.235652 -0.627409
0.192649 -0.107183 0.176460 0.127514 -0.376771 0.332716 -0.661213 -0.157134 -0.196163 -0.274045 0.463106 0.070154 -0.528238 -0.448182 0.785664

Weight 2:
-0.213640
-0.316365
0.208253
-0.517397
0.523528
-0.143281
0.153676
-0.247468
-0.555732
0.216907
0.323225
-0.814672
-0.288061
0.269504
-0.013014

