Weight 0:
-0.175417 -0.206399 -0.535885 0.249654 -0.603348 -0.554277 0.362897 0.639846 -0.032448 -0.519099 -0.300849 0.429813 0.049649 -0.043083 0.133485
-0.016058 0.659094 -0.319436 -0.368393 -0.589907 -0.230252 -0.465620 0.092988 0.008932 -0.460119 0.251210 0.646771 0.152583 -1.084551 0.847315
0.318489 0.834220 0.465086 0.550278 0.087526 -0.111843 0.159253 -0.302227 0.185007 -1.120065 0.018306 0.573372 0.040213 0.736601 -0.112461
0.427532 -0.374496 0.410180 0.099179 -0.093702 -1.097507 -0.108467 0.091017 0.353363 0.665591 0.867741 0.531410 -0.239676 -0.129969 0.315075
0.221564 0.694329 1.057215 0.966729 0.637017 0.225098 0.575354 0.708441 -0.062809 -0.227127 -0.327229 -0.373692 -0.589285 0.106558 -0.426296
-0.334095 0.299016 0.077438 0.183193 0.582101 0.368637 0.647655 0.034102 0.687270 0.153392 0.071937 0.623197 -0.371888 0.862866 -0.120288
-0.519403 0.278654 -0.160890 0.863807 -0.184590 0.134081 -0.607875 0.346628 -0.331480 0.295635 -0.182647 -0.872816 0.055940 0.036853 0.375690
0.663481 0.815454 0.368477 0.118804 -0.608617 0.086142 0.091651 -0.084700 0.269898 0.478382 -0.348969 -0.355612 -0.059394 -0.262335 -0.699833
-0.424949 -0.525464 0.515285 0.726088 -0.467094 0.232847 0.372469 -0.636306 0.068642 1.080295 0.288736 -0.104597 -0.238864 -0.862381 0.200611
0.830552 -0.346896 -0.825336 -0.283226 0.375915 -0.182713 -0.349849 0.008168 0.097945 -0.592012 -0.092650 -0.212036 -0.273283 -0.433666 0.401354
-0.274768 -0.850648 0.112697 0.309226 -0.339422 -0.238641 -0.276757 -0.147813 0.471963 -0.048635 0.358004 -0.413111 -0.163606 0.406793 -0.343511

Weight 1:
0.428647 -0.297634 -0.135066 0.630957 -0.185518 0.006044 0.205235 0.043098 0.136254 0.024866 -0.353586 0.102350 -0.271299 0.246375 0.522466
-0.597968 0.430815 -0.168401 -0.025918 -0.360565 0.019966 0.003767 0.352081 -0.225955 0.653684 0.369328 0.007415 -0.070021 -0.150269 -0.065856
0.122007 -0.146043 -0.251870 0.085350 -0.332334 0.069646 -0.101745 0.213924 0.405365 0.407669 0.241009 0.133424 -0.121716 0.209699 0.310674
-0.513335 0.070077 0.481985 -0.109035 -0.236134 -0.200268 -0.569328 0.006452 0.053993 0.117381 0.273625 -0.316176 0.095922 0.124996 -0.156911
0.213172 -0.039529 -0.248303 0.124606 -0.132850 0.206940 -0.107425 -0.511044 0.141119 0.129814 -0.271401 0.248929 0.251063 -0.355009 -0.219151
0.012324 -0.351117 0.214733 0.077335 -0.427945 -0.351386 0.412143 0.517713 0.243580 -0.027687 -0.028205 0.173783 0.023581 -0.627975 0.400118
0.551843 0.199388 -0.416650 -0.210968 -0.705364 0.534640 -0.150602 0.811422 0.758048 -0.283342 -0.133862 0.144786 -0.644635 -0.197807 -0.174575
0.735565 -0.010033 -0.121764 -0.209295 0.299829 -0.228846 -0.038405 -0.273364 -0.510609 -0.317772 -0.060232 -0.121194 -0.084007 -0.069713 -0.156790
0.552810 0.276738 -0.067254 0.114349 -0.162720 -1.086177 -0.012727 0.071274 -0.544918 0.228736 0.021745 0.098132 -0.095319 0.419217 0.104485
0.429551 0.322646 -0.427800 -0.247189 0.136478 -0.184124 -0.108525 0.427099 -0.066982 -0.304886 -0.173287 0.770109 -0.069272 -0.537886 -0.623072
-0.167260 -0.141724 0.328574 0.333017 -0.029360 -0.214111 0.103656 -0.679153 0.767845 0.285763 0.442016 -0.417631 0.464539 -0.205849 -0.325654
0.047436 -0.093763 -0.412066 -0.304651 -0.382776 -0.400835 -0.162330 -0.548325 -0.207311 0.429271 0.427907 -0.409088 0.346064 -0.756440 0.909529
0.537141 -0.276320 0.121066 -0.489275 -0.005759 -0.116681 -0.325758 -0.212881 -0.161527 -0.365222 -0.184692 -0.552676 0.309009 -0.379285 -0.423569
0.368400 0.064346 0.275507 0.356326 0.680128 -0.105685 -0.552815 0.057930 -0.199675 -0.302548 0.162692 0.290395 -0.309271 0.427130 -0.339166
-0.027832 0.070447 -0.159865 -0.626619 0.311328 -0.276365 0.251442 -0.502612 -0.354555 0.362105 0.250692 -0.185843 0.125693 -0.386580 0.062524

Weight 2:
-0.191786 -0.448803 -0.556350 -0.285565 -0.116487 -0.084039 -0.496402 -0.262700 -0.376945 -0.621368
-0.155061 0.361109 -0.315460 0.321184 0.701267 -0.286526 -0.082995 0.574519 -0.193588 -0.161722
-0.730611 -0.353159 0.075082 0.728448 -0.121033 -0.563561 -0.573744 -0.149199 0.324481 0.109178
0.037487 0.307116 -0.400530 -0.163349 -0.242809 -0.052054 -0.432518 -0.271869 -0.123787 -0.268895
-0.162909 0.010636 0.342053 0.341832 0.235245 -0.422561 -0.183946 -0.217669 -0.330809 0.018481
-0.663826 0.510272 0.349666 0.066678 -0.056558 0.478138 0.210466 0.311490 -0.092940 0.569663
0.308346 0.031037 0.334054 -0.307671 -0.474543 0.159852 -0.079942 -0.204899 0.341431 -0.059389
-0.059209 -0.324516 0.157024 0.051672 0.255043 -0.125548 0.397968 0.495833 0.171770 -0.454625
-0.447506 -0.338923 -0.368617 -0.227038 0.168775 0.161599 -0.002959 -0.260796 -0.161418 0.133257
-0.918758 -0.244680 -0.088482 0.046507 -0.442936 -0.321758 0.121681 -0.901218 0.326297 -0.104997
0.400969 -0.614666 -0.335028 -1.095839 -0.356859 -0.006491 -0.799397 -0.330303 -0.871516 -0.264936
0.259426 -0.222746 0.436779 0.077683 0.426926 -0.221852 -0.368203 -0.053551 -0.715187 0.008952
-0.272049 0.283720 0.085758 0.199143 -0.338018 0.438178 0.450596 -0.186973 -0.403984 -0.420676
0.369163 0.870154 -0.446778 -0.496319 0.302062 -0.245282 0.329874 0.075710 -0.081478 0.075854
-0.004534 -0.253210 -0.792325 -0.121735 0.516457 -0.535762 -0.424096 -0.004711 -0.110701 0.003847

