Weight 0:
-0.253439 -0.082007 -0.214542 0.615722 0.146090 0.093838 0.291411 -0.253340 0.366389 0.147611 -0.665566 -0.608914 -0.244028 -0.563279 -0.101602
-0.432259 -0.041669 0.601955 -0.021054 -0.129184 0.165547 -0.296954 0.359633 0.211160 0.016572 0.065800 0.870603 0.401803 0.937881 0.226858
-0.627531 -0.111791 -0.724970 0.225269 0.317841 -0.377756 -0.279564 0.063428 -0.510873 -0.542877 0.528154 0.048913 -0.237979 -0.721522 0.363444
-0.291880 0.793399 0.366411 -0.344593 -0.305078 0.734200 -0.035928 -0.218877 0.011821 -0.220839 0.102783 -0.032331 0.373318 -0.165689 -0.377287
-0.148808 -0.151408 -0.033061 0.270569 0.247274 0.511536 -0.346020 0.165751 0.310130 -0.287489 -0.088534 -0.746193 0.386685 -0.091889 0.343920
0.087860 -0.078955 -0.679173 -0.603338 -1.105721 -0.239899 0.971449 -0.549183 -1.122046 0.410483 1.007893 0.127034 0.123116 -0.132134 -0.765074
-0.618586 -0.135064 -0.216806 -0.049110 0.353625 -0.248096 0.362320 -0.245304 0.442707 0.036827 -0.185839 0.029547 -0.125165 0.048241 0.323258
-0.037189 -0.157585 -0.479069 0.246962 0.148504 -0.503982 0.356256 -0.510907 0.438862 0.293306 0.178946 -0.160751 0.245513 0.458967 0.252580
-0.285796 0.114023 0.482701 0.937699 -0.087503 0.365803 0.483744 -0.346411 0.759881 -0.454196 0.344953 0.130189 0.023697 1.085973 -0.128456
-0.135317 0.567744 0.324834 0.546689 0.049833 0.135145 0.810562 -0.356452 -0.043867 0.340377 -0.083515 -0.243111 0.263723 0.569589 -0.060052
-0.071887 -0.276175 -0.126205 0.462051 0.034565 -0.343249 0.111872 0.448231 -0.239589 -0.566519 0.934171 -0.587807 -0.153088 0.098980 -0.116164

Weight 1:
-0.026953 0.210068 -0.874527 -0.461699 0.017544 -0.146371 0.047126 0.081022 -0.771153 0.463820 -0.181026 -0.315207 0.075341 0.038770 0.437179
0.098710 0.423692 -0.340859 0.050506 -0.409020 0.033906 -0.041544 -0.054428 -0.056341 0.270684 -0.588225 -0.329750 -0.013766 -0.429854 0.016512
-0.018536 -0.512623 -0.530714 -0.958000 -0.445616 0.005326 0.057022 0.073557 -0.283940 -0.006780 0.145127 -0.462956 0.044973 0.239688 -0.179193
0.387894 -0.170717 -0.314123 0.203383 0.742534 0.031241 0.231827 -0.185882 -0.453286 0.060635 0.118506 -0.130641 0.230388 -0.238863 -0.329375
0.387452 0.388785 -0.232106 0.627997 -0.104285 0.031448 -0.030962 0.190410 0.099696 0.093697 -0.371926 -0.616243 0.416763 -0.199312 -0.017821
0.119054 0.595235 0.059777 -0.144804 -0.192150 -0.014519 -0.331958 0.012040 -0.020044 0.600297 -0.031169 -0.703319 0.976745 0.349661 0.760190
-0.422965 -0.080467 0.247384 0.195010 0.110780 -0.804342 -0.625171 0.556100 0.617661 -0.037765 0.506856 -0.374416 -0.289392 -0.402147 -0.310559
0.264128 -0.315229 0.817113 0.168541 0.396845 0.179645 0.443309 -0.318220 0.529235 0.050705 0.442109 -0.525150 0.065498 0.052806 -0.225972
0.114621 0.561776 -0.255065 0.351874 -0.410679 0.771149 0.286401 0.628402 0.246466 0.141727 0.290197 -0.049220 -0.591281 0.163101 -0.275710
-0.401943 0.231880 -0.102894 0.376006 -0.286950 -0.170917 0.419923 0.100461 -0.538239 0.093099 0.541621 -0.174069 0.217775 -0.310448 -0.049773
0.397478 0.080725 0.472199 0.154220 0.808525 -0.572889 -0.079153 -0.393509 -0.372835 -0.366283 0.060158 0.081640 0.156963 -0.409649 -0.118649
-0.351420 0.340756 -0.319851 -0.076466 0.206991 -0.222664 0.253144 0.579154 0.071827 0.327054 -0.755522 -0.155220 0.066237 -0.385120 0.076198
0.386914 -0.686152 -0.433835 0.067214 0.167708 0.269144 0.040528 0.169148 0.329467 -0.150970 -0.222500 -0.061777 0.073066 -0.240267 -0.143833
0.145191 0.057645 -0.067585 -0.635817 -0.001385 -0.354288 0.358981 -0.112570 -0.363884 -0.022378 0.463925 0.230278 0.080358 -0.484193 0.592107
-0.226753 0.340630 -0.119524 0.306355 0.478025 0.237402 0.275920 -0.037201 -0.157582 0.049749 -0.123579 0.901395 -0.362794 0.365682 0.188997

Weight 2:
0.084077 0.540254 0.109284 -0.231677 0.104415 -0.068974 0.182998 0.296829 -0.313580 0.436336
-0.093178 0.162065 0.225089 0.134042 -0.038416 -0.176997 -0.097697 0.571565 -0.316255 -0.262527
-0.278539 0.049457 -0.556443 -0.494108 -0.097188 -0.472108 -0.441166 -0.467545 -0.309039 0.266891
0.348995 0.700708 0.687376 0.287140 0.375020 0.047637 0.189740 0.709695 0.135565 0.421083
-0.341151 -0.243286 0.113982 0.054768 -0.226607 0.878808 0.062931 -0.161670 0.055387 0.009256
0.068360 -0.581735 0.471200 0.492266 0.540346 0.122246 0.243172 -0.316200 0.303958 0.092152
-0.168339 0.315971 0.329333 0.021870 0.163590 -0.373259 0.455236 -0.328096 -0.257765 0.022974
0.406787 0.406909 -0.002171 0.282067 -0.614138 -0.260066 -0.254257 0.457324 0.238900 0.067603
0.102978 0.572594 -0.061918 -0.479719 0.395542 0.064964 0.347698 -0.016391 -0.306160 0.146986
0.003626 0.067600 0.590102 -0.401283 0.105623 -0.297843 -0.945482 -0.017840 0.011253 0.227769
-0.079391 -0.543738 -0.300223 0.480930 -0.306068 0.577540 0.383187 -0.116056 -0.266185 0.382599
-0.087941 -0.564402 0.205362 0.152385 0.415175 0.127394 -0.200618 0.463611 0.499180 0.085125
0.022084 -0.483258 -0.221661 0.277870 -0.204556 -0.533009 1.276126 -0.534389 0.824093 -0.112310
-0.030963 -0.245402 0.285641 -0.525830 -0.670663 0.589266 -0.293081 0.272472 -0.396422 0.258763
0.614697 -0.192442 -0.706091 0.616611 0.338858 -0.172287 -0.079348 -0.405532 0.518565 -0.195203

