Weight 0:
0.435970 -0.931990 0.364531 0.417622 0.562323 0.037037 0.390852 -0.068116 -0.506009 0.652706 -0.041312 -0.601018 -0.199051 -0.182212 0.196868
1.000784 0.222760 0.088199 1.047146 0.417402 0.108412 -0.204422 0.134828 -0.028309 0.038988 0.560463 -0.230394 0.218974 0.404629 -0.282326
-0.350767 -0.064106 -0.196840 0.491356 -0.427155 0.029196 1.085639 0.176128 0.247010 0.494917 -0.197402 -0.461119 0.075265 0.113169 -0.690007
0.159931 0.456186 -0.389282 0.185722 0.380463 0.250160 0.290382 -0.104383 -0.480769 -0.190664 -0.249896 -0.034223 0.466172 -0.559371 0.061508
-0.453436 -0.315557 0.238248 -0.507394 0.313083 -0.576565 0.284401 -0.660722 -0.263436 0.808668 0.728527 -0.175901 0.166280 0.513416 0.290506
-0.116606 -0.319219 0.370160 0.482134 0.731578 -0.719446 -0.534334 0.495446 -0.661575 0.528119 -0.091648 -0.222118 0.087595 -0.573667 0.351361
0.720464 0.371215 -0.105112 -0.655821 -0.639426 -0.566962 -0.005235 0.048354 0.370306 -0.765829 0.559102 0.296096 -0.139363 -0.507316 0.532635
-0.127960 -0.008536 0.163573 -0.389389 -0.120322 0.368972 0.325812 0.329654 -0.492570 -0.100878 -0.169023 0.181297 0.143125 0.066274 1.051392
-0.124000 -0.173896 -0.493240 -0.655740 -0.520345 -0.306447 0.558617 0.016700 0.082436 -0.041051 0.155765 0.597846 -0.850215 0.519501 -1.072416
0.012026 0.934632 0.290234 0.159073 0.853633 -0.299787 0.185044 0.246510 -0.222753 -0.185105 -0.231868 0.037231 0.233110 0.052546 0.302516
-0.839647 -0.093063 -0.436387 0.128655 0.122342 -0.049301 0.217584 0.425469 -0.025806 -0.448444 -0.674250 0.015397 0.103132 -0.413406 0.309468

Weight 1:
-0.132278 -0.606651 0.440191 0.427956 -0.738881 -0.212919 -0.209520 0.575345 -0.020477 -0.561650 0.331379 -0.448548 -0.100991 -0.310080 -0.204015
0.364333 0.554384 -0.476954 0.235014 -0.269360 -0.260889 0.185508 -0.389912 0.181711 0.256958 -0.152126 0.485121 -0.468479 0.473134 -0.709452
1.009848 -0.149543 -0.437028 -0.077986 -0.384047 0.136236 0.506322 -0.378593 0.222305 -0.570134 0.383521 0.152568 0.388929 -0.064400 -0.158483
0.323547 -0.478935 -0.649824 0.005591 -0.144337 0.196827 0.405923 0.177780 0.380907 0.106085 0.187320 -0.041973 0.165522 0.039883 0.119191
-0.034460 0.294024 -0.273348 0.000953 0.476823 -0.352036 -0.781805 0.116356 -0.082017 0.357552 -0.040719 -0.220021 -0.032120 0.377425 0.210575
-0.859898 0.066354 0.070889 0.001690 -0.225434 0.430058 0.462542 -0.823531 -0.278484 -0.065466 0.353920 0.013438 -0.254455 0.235393 -0.076646
-0.005690 -0.011820 0.190127 -0.101894 0.247794 -0.034565 -0.378935 -0.037977 -0.354088 -0.001285 0.312651 -0.391119 0.126772 -0.333258 0.074319
0.330443 -0.778428 -0.415569 -0.129999 0.113688 -0.064229 -0.012060 0.735191 -0.435421 0.407463 -0.123505 0.201045 0.774638 0.238040 0.136315
0.608145 0.409483 -0.304635 0.114567 -0.629106 -0.202359 0.121644 -0.235835 0.110643 -0.015455 0.202247 -0.154304 -0.347361 0.519848 -0.180575
0.267984 0.522699 0.045197 -0.304860 -0.067420 0.365838 0.083067 -0.457863 0.229920 0.269208 -0.122648 0.223492 0.084938 -0.094248 -0.471850
0.424546 0.275640 0.196906 0.572943 0.342598 0.244134 -0.799269 0.416614 0.044162 0.100576 0.124730 0.283326 0.404567 0.206181 0.174109
0.110825 -1.225182 -0.118867 -0.336204 0.439942 0.220460 -0.159735 -0.147984 -0.132112 -0.161877 -0.520573 -0.605965 0.006193 0.371053 -0.195861
0.131385 0.267065 -0.373552 -0.001329 -0.245049 0.582120 0.576449 -0.375926 0.150100 0.380854 0.315182 0.030285 0.473632 -0.347177 -0.110310
-0.291308 0.284230 -0.228125 -0.054084 0.223141 0.248769 -0.322859 0.366566 0.179430 -0.407748 -0.477156 -0.005055 0.305515 0.295805 0.130584
0.055068 0.184954 -0.331953 0.626808 0.608192 0.148679 0.082764 -0.174844 0.209737 -0.268724 -0.802144 -0.990137 -0.298197 0.026475 0.121886

Weight 2:
-0.178608 0.024944 -0.104791 -0.408106 0.002962 0.323198 -0.360422 -0.355471 -0.408739 -0.726367
-0.175714 0.249291 0.061498 -0.080436 0.056717 -0.167295 -0.716421 0.283087 0.383222 -0.274120
-0.055120 -0.087891 0.128031 0.614816 0.424615 -0.136299 0.197469 0.457665 0.148154 -0.002692
0.162166 -0.278220 -0.207233 -0.423267 0.130080 -0.026942 -0.310190 -0.065729 0.156899 0.683768
0.369195 -0.845276 0.085411 0.503601 -0.479144 0.212431 -0.091462 0.417007 0.139850 -0.330870
-0.074037 -0.073394 -0.048778 0.373417 -0.289573 0.387540 -0.120110 0.075784 0.011474 -0.023533
-0.005168 0.525942 0.306540 -0.142454 0.583174 0.106395 0.127798 -0.307425 -0.185901 -0.255860
0.031074 0.222145 0.132132 0.561651 -0.314908 0.052865 -0.473469 -0.339602 0.454033 -0.177122
-0.293629 -0.786464 -0.298503 -0.088943 -0.488322 -0.087412 0.460063 -0.260629 -0.350398 -0.416631
-0.417095 0.189890 0.016768 0.340074 0.742267 -0.662783 0.136227 -0.409985 0.284113 -0.103377
0.009702 -0.477077 -0.157195 0.018953 0.502327 -0.281761 -0.204914 0.342503 -0.319628 0.411020
-0.003325 0.110455 0.134160 -0.225384 0.142560 -0.281804 -0.183445 0.203943 0.106975 -0.027539
-0.460099 -0.383275 0.098445 0.243249 -0.392825 -0.292134 0.042345 0.037204 -0.603197 0.048364
-0.219219 0.576551 0.086995 0.116760 0.182264 -0.420970 0.699587 -0.598696 0.274803 0.209579
-0.174203 0.242542 -0.116104 -0.247967 0.172136 -0.366747 -0.082251 -0.217181 -0.123243 0.157427

