Weight 0:
-0.298190 0.495674 0.019998 0.297196 0.136567 0.074831 0.267283 0.079519 -0.507503 0.463651 0.348851 -0.898364 -0.278952 0.444464 -0.779005
0.402338 -0.060217 0.571498 -0.000489 -0.307891 0.131368 -0.012956 -0.345748 0.945905 -0.414078 -0.956399 0.674439 -0.248832 -0.126545 -0.152612
-0.242900 -0.326706 -0.425044 0.027614 -0.171408 0.311427 0.205821 -0.395493 0.046274 -0.178167 -0.422845 0.293975 -0.051733 -0.173780 -0.364815
-0.438314 0.848014 0.142469 -0.465259 0.122746 0.452845 0.071430 0.585885 -0.657858 -0.849103 0.111085 0.117898 -1.423968 -0.265894 -0.430095
-0.593528 -0.431110 0.254045 -0.433823 -0.419205 -0.690261 0.541065 0.185328 -1.062744 -0.418829 0.225361 0.546388 0.358535 -0.151664 -0.823542
0.371075 -0.126597 0.029363 -0.075652 -0.578000 0.155317 0.096562 -0.181557 0.200880 -0.585875 -0.114703 0.011141 -0.739776 -0.024346 0.312827
-0.129298 -0.014547 0.239784 -0.165359 -0.126981 -0.501748 -0.006369 -0.142780 0.212813 0.240260 0.337373 -0.216723 -0.928097 0.316236 0.183831
-0.270889 0.236627 -0.617681 0.439296 -0.142258 -0.353456 -0.265094 -0.098706 -0.005122 0.020587 -0.183185 0.085382 0.003530 -0.276126 -0.340350
0.259408 0.223573 0.024363 0.394078 -0.836313 -0.240659 -0.493055 0.962078 0.304118 -0.033712 0.334721 0.475982 0.471443 0.393016 -0.111948
-0.213783 -0.410279 0.214244 -0.067770 -0.178437 -0.200691 0.618364 0.406224 0.780483 0.225573 0.024285 -0.010832 -0.435058 -0.537871 0.216331
-0.398548 0.090166 0.475637 -0.283751 0.857272 -0.422434 0.422220 0.181117 0.509164 -0.475948 0.983717 -0.076230 0.288524 0.615932 -0.257829

Weight 1:
0.285515 -0.308055 0.474577 -0.292989 0.050664 0.145085 0.300977 0.711607 -0.123767 0.334673 0.664524 0.102910 -0.187973 -0.593855 0.594773
-0.101623 -0.387187 -0.523656 -0.378653 0.364399 0.417779 0.254055 0.044767 -0.419721 -0.335198 -0.447480 0.244369 -0.374683 -0.227291 -0.140812
-0.625195 -0.009742 -0.073710 0.416967 -0.263671 -0.435592 -0.117143 -0.405572 0.057935 -0.764381 -0.275220 -0.295280 0.223878 -0.254536 -0.726091
-0.083112 0.100885 -0.120015 -0.232463 -0.223578 0.062846 -0.314578 -0.123466 0.299451 -0.524990 -0.048602 -0.627468 0.092058 -0.333661 0.316902
-0.557838 0.129341 0.404471 -0.394753 -0.271942 -0.298559 -0.154338 0.183255 -0.155214 -0.511195 -0.802023 0.637300 0.633372 0.254071 -0.406182
0.264768 0.332457 -0.111225 0.007025 0.468750 -0.580020 0.373563 -0.115961 -0.383968 -0.419936 -0.344376 -0.419219 0.654613 0.200231 0.340142
0.190050 -0.003449 -0.006768 -0.160225 -0.080182 -0.479260 0.411447 -0.667808 -0.345242 0.654044 -0.003257 0.106580 0.246879 -0.524075 -0.598882
-0.177797 -0.356451 -0.061668 0.162037 0.542668 0.334576 -0.343837 -0.141554 -0.193065 -0.455681 -0.508041 0.651105 0.020307 -0.040798 0.085472
0.173876 0.372460 -0.318476 0.126278 -0.284276 -0.018551 0.045652 0.049450 0.098454 0.178827 -0.291320 0.125047 -0.255697 1.121511 -0.457881
-0.269710 0.298800 -0.187716 0.308763 0.087746 -0.115078 -0.259575 -0.293059 -0.105560 -0.137321 -0.351874 -0.001857 -0.386348 0.311191 0.264232
-0.274491 -0.307618 0.026268 0.444830 0.582816 -0.468654 0.389320 -0.027639 0.033393 0.088746 -0.236273 0.449510 0.538638 0.580103 -0.776423
-0.101003 -0.736468 -0.317794 -0.892563 0.204010 0.123525 -0.136061 -0.293871 0.163232 -0.464261 -0.454299 -0.390390 -0.055777 -0.166356 -0.242592
0.164683 0.307711 0.471985 -0.003570 0.186401 0.129941 -0.581962 -0.144033 -0.062526 -0.324959 -0.104852 -0.008726 -0.334901 0.011253 -0.386019
-0.966545 -0.527123 0.009919 0.388860 -0.863032 -0.295288 0.167952 0.316608 -0.126501 -0.302204 0.410357 0.318177 0.322620 -0.145853 0.347336
-0.727960 0.383482 -0.063706 0.029781 -0.304533 -0.623516 0.057087 0.194144 0.303510 0.125332 0.073302 -0.289626 0.295705 -0.334816 0.300613

Weight 2:
-0.032067 -0.018722 0.315085 0.364936 0.283186 -0.298302 0.277752 -0.298573 0.285637 -0.521422
-0.076592 -0.307142 0.283361 0.384835 0.132016 0.098425 0.233030 0.379556 -0.042581 -0.212648
0.185668 -0.687266 0.291399 -0.286122 -0.018224 0.379817 -0.180089 0.200236 0.347089 0.003887
0.078357 -0.050069 0.013476 -0.426235 -0.056773 -0.439344 -0.348749 -0.755766 0.050892 0.592724
-0.224176 0.340128 0.363332 -0.467687 -0.270604 0.409785 -0.070012 -0.508186 -0.297994 0.113836
-0.299246 -1.015245 -0.125296 -0.092779 0.017865 0.467043 0.013442 0.082938 0.375369 -0.002485
0.750257 -0.467418 -0.365490 0.208648 0.501894 -0.048242 -0.387234 0.623213 -0.325446 0.103124
0.460679 -0.164467 -0.242518 -0.212314 0.355129 0.404127 0.001613 0.673846 -0.014591 0.458147
-0.167538 0.849705 0.565129 -0.051684 0.539825 0.512729 0.560331 -0.911978 0.253229 0.191612
0.159070 0.077878 0.080231 0.461603 0.213589 0.091305 0.409328 0.142854 0.168333 0.672225
-0.163684 -0.554074 0.022537 0.075625 0.269315 0.043914 0.273283 0.910548 0.284592 0.353089
-0.145618 -0.526257 -0.920135 -0.240380 -0.793507 0.269828 -0.200877 -0.543341 -0.066635 -0.337259
0.072368 0.240060 -0.331745 -0.134674 0.214616 -0.435534 0.022449 -0.583762 0.094975 -0.222863
-0.586792 -0.225398 -0.247749 0.358111 0.159124 -0.298561 0.562386 0.189489 -0.192108 -0.609582
-0.174702 -0.082900 0.119519 0.211119 0.317612 -0.569748 0.066609 -0.073916 0.946353 0.008870

