Weight 0:
0.513801 0.286723 -0.268578 -0.078232 -0.140403 -0.200529 -0.171606 -0.182985 -0.201870 0.405884 -0.449699 -0.311049 -0.675167 0.603564 -0.339630
0.281756 0.202677 0.562355 -0.089551 -0.404032 -0.663374 -1.187373 0.068801 0.330663 0.201128 -0.652294 0.442957 -0.297720 -0.386705 -0.307279
0.033434 -0.633079 -0.015792 0.183117 0.472164 0.075028 -0.571220 0.063487 -0.452096 -0.476693 -0.581059 -0.814961 -0.241839 0.481360 0.962168
-0.244578 0.463117 -0.168250 -0.703876 0.298883 0.100125 0.775206 -0.654389 1.192232 0.678711 -0.007643 -0.127340 -0.305222 0.046790 -0.078431
0.219083 -0.125518 0.603343 0.053320 -0.109507 0.436757 -0.691846 0.145398 0.010904 -0.601589 -0.728508 0.430813 0.410535 0.073579 0.731985
0.188029 0.532919 0.179227 -0.117606 -0.450933 -0.257306 -0.109637 0.581250 0.328295 0.140849 0.370973 0.224877 0.111691 -0.639031 0.485738
-0.195510 0.464155 0.505375 -0.285706 0.404960 -0.153926 -0.151386 0.109787 0.121300 0.016438 -0.568942 -0.051785 0.971547 -1.187103 0.370859
0.450760 -0.579201 -0.200169 -0.426707 0.790533 0.470332 0.490969 0.051444 0.559478 -0.003512 0.579547 -0.063404 -0.289630 0.772192 -0.008890
-0.383250 -0.387869 -0.386566 0.360071 -0.042155 0.979853 0.505788 0.109644 0.598624 -0.211285 -0.790883 -0.421960 0.062770 -0.094892 0.351532
-0.053135 0.318963 0.640016 -0.054450 0.236715 -0.748244 -0.052829 -0.525309 0.061925 0.100631 0.099214 -0.204725 0.980070 -0.540686 -0.566750
0.705685 -0.300306 -0.402817 0.981965 0.420314 -0.253481 0.092746 0.829722 0.294908 0.548416 0.343169 0.396661 0.016946 0.004839 0.113871

Weight 1:
0.270909 -0.104835 0.031941 -0.112022 0.041073 -0.455701 0.956134 -0.275715 -0.136263 -0.290612 0.222289 -0.072257 -0.351601 0.238769 0.294029
-0.021697 -0.243705 0.787444 0.125474 -0.466393 0.517432 -0.307922 0.993113 0.024812 0.378548 -0.762050 -0.469589 0.487388 0.114959 0.750734
0.179828 0.051700 0.613345 0.370123 -0.072810 -0.398435 -0.861522 -0.167728 -0.437375 0.956911 -0.239965 -0.248137 -0.555155 -0.098314 -0.237798
0.637275 0.060124 -0.015964 -0.047865 0.285892 -0.164060 0.248231 0.581191 0.163685 -0.082580 -0.350711 -0.101154 0.205942 -0.560700 0.308635
0.078533 -0.055859 -0.253406 -0.172649 0.216936 -0.045719 -0.178427 0.163015 0.181290 -0.447596 0.206140 0.912804 0.171813 -0.621481 0.069726
-0.665695 1.155126 0.803260 -0.241819 -0.821215 -0.319598 -0.061355 -0.651723 -0.029638 -0.059638 0.043070 0.083142 -0.352250 -0.312755 0.021790
-0.227523 0.329906 -0.000254 0.682378 0.298360 0.404181 0.053237 0.048907 0.627664 -0.129095 0.196972 -0.097944 -0.097741 -0.427976 -0.265881
-0.336182 0.215623 0.366969 -0.033275 0.082657 -0.054557 -0.291404 0.306621 0.233916 -0.682361 -0.105960 -0.322771 -0.142413 -0.245919 -0.011900
-0.117796 -0.129575 0.391977 0.204728 -0.258173 -0.201780 0.184055 0.171148 -0.224663 -0.077064 0.671871 -0.214851 0.698053 0.401932 0.634897
-0.226915 -0.062964 -0.176940 0.412763 -0.208486 0.268126 0.252354 -0.025814 0.469825 0.048064 0.301968 -0.181344 -0.263822 0.265859 0.162398
0.091705 -0.126951 0.552426 -0.406354 -0.428943 0.345184 0.318859 0.120684 -0.109638 0.192432 0.625694 0.917825 -0.604488 -0.154115 -0.170709
0.596737 -0.907471 0.174574 -0.092430 0.596945 0.549237 0.138183 -0.585188 -0.213975 -0.160743 -0.486974 0.420884 -0.530373 0.716508 0.721848
-0.137867 0.118559 -0.039082 0.330606 0.464271 0.095311 0.175884 -0.234735 0.155169 0.068015 -0.335489 -0.005816 -0.139585 -0.223653 -0.413656
0.025569 -0.286383 -0.184751 0.393890 0.229637 -0.356288 0.133094 0.040338 0.617062 0.513662 -0.562602 0.313747 0.462319 0.203149 -0.117477
0.883968 0.236479 0.709117 0.494789 0.168310 -0.210580 -0.004241 -0.089107 -0.447752 0.245982 0.569783 -0.109612 0.790387 -0.569839 0.389954

Weight 2:
0.580658 -0.110850 -0.111342 0.358042 0.181775 -0.741293 -0.347012 -0.038733 -0.511767 -0.203667
-0.516688 -0.166599 -0.160449 0.108794 -0.036089 0.173267 0.106280 0.347377 0.309010 0.254085
1.092291 0.076121 0.886461 0.118807 -0.034422 -0.152928 0.496768 0.551871 0.202789 0.371310
-0.500840 -0.607722 0.404719 -0.072677 0.270140 -0.275776 0.559719 -0.601694 -0.519434 0.491962
-0.977817 0.107831 -0.075493 -0.287737 -0.075506 -0.319460 0.530487 0.630650 -0.260118 0.075077
-0.508113 0.362123 0.346849 -0.126380 0.003725 -0.043996 -0.622889 0.536915 -0.289549 -0.302507
-0.083343 0.328739 -0.257450 -0.734581 -0.326744 0.143447 0.762209 -0.492388 -0.484539 -0.581531
-0.624124 0.407847 0.507086 0.044648 -0.173448 0.643385 0.028684 0.367681 -0.198942 -0.011061
-0.481252 0.193734 0.026693 -0.349174 -0.324696 0.578226 0.681236 -0.111320 0.013218 0.115841
0.027702 -0.643622 0.117718 -0.782553 -0.270189 0.173960 0.184426 -0.325777 -0.177713 -0.243924
-0.061766 -0.039422 0.208701 -0.207271 0.133909 0.175399 0.040563 -0.122343 0.056486 0.249609
0.277431 0.627388 -0.403887 -0.182855 -0.592072 0.328296 -0.160279 0.042301 -0.232022 -0.149100
0.424279 0.226119 -0.073415 0.263251 0.286181 -0.151923 -0.565849 -0.353776 -0.498247 0.402200
0.471535 0.558360 -0.762396 0.378154 0.806060 0.399174 -0.807975 0.626263 0.008539 -0.102412
0.129536 -0.426106 -0.050406 0.564778 0.223728 0.007178 -0.013550 -0.471410 -0.068539 -0.632921

