Weight 0:
-0.604939 0.091099 -0.366711 -0.439200 -0.183395 0.036822 -0.588907 0.590629 0.288742 -0.155791 -0.385187 -0.038046 0.383520 0.317492 0.451348
-0.204834 -1.247192 0.532068 -0.071293 0.284054 0.711762 1.038035 -0.277085 0.057121 0.582821 -0.360002 -0.248213 -0.250740 -0.011978 -0.093861
-0.253195 -0.411800 0.346213 0.570453 0.632232 -0.205130 0.364029 0.100770 -0.243335 0.313072 -0.262921 -0.160402 -0.587040 -0.197945 0.108247
0.668996 -0.150731 -0.442677 0.638480 -0.215142 -0.745512 0.056751 -0.138484 0.980892 0.202697 -0.062401 -0.394207 0.140784 0.621143 0.132958
-0.361345 0.229748 -0.020726 0.191289 -0.151290 -0.161306 -0.178142 0.401772 -0.157012 -0.196030 -0.401698 0.193592 0.132910 -0.191355 -0.302480
0.800003 -0.801824 0.210289 0.550656 -1.444142 0.338622 -0.093917 0.109182 -0.137829 0.458549 0.154835 0.056166 -0.383275 0.802612 0.004235
0.976376 0.821918 -0.758291 -0.279270 -0.442157 -0.020555 0.079807 0.098041 0.449482 0.636866 0.412538 -0.239184 -0.333456 0.001178 0.181698
-0.078113 -0.573717 0.290831 -0.167284 -0.180160 -0.023287 -0.102293 -0.156277 -0.545847 -0.047862 0.299741 0.112845 0.404280 -0.310653 -0.544966
-0.104831 -0.261911 -0.217608 0.090290 -0.214514 -0.533031 -0.238356 0.145002 0.286320 0.282032 0.180996 -0.071675 0.172656 -0.018052 0.048224
-0.400530 0.018708 0.161464 0.145457 -0.549000 0.041046 -0.615677 0.074056 -0.299051 0.727289 0.050846 0.341617 0.900079 -0.348541 0.185772
-0.505674 0.147065 0.752901 -0.267730 -0.377772 -0.038877 0.872339 0.328772 -0.385857 0.620440 -0.705721 0.911032 0.365192 0.751983 -0.702623

Weight 1:
0.061871 -0.048859 -0.367824 -0.473463 0.185379 0.218234 0.474707 -0.183894 -0.051592 -0.504697 0.562700 0.025397 0.264181 0.276683 0.532646
-0.303584 0.254712 -0.009086 0.768966 -0.304746 0.427754 0.127918 0.108788 0.019684 0.491694 0.096314 -0.556639 0.445180 0.378391 0.214445
-0.412061 -0.355342 -0.685496 0.168179 -0.492873 -0.627589 0.465551 0.280529 -0.121702 -0.048991 -0.879072 0.334746 -0.253083 0.120632 -0.908637
0.356958 -0.274915 -0.502399 -0.123899 -0.217877 0.392280 -0.153518 0.497591 0.120495 0.326526 -0.000832 0.464490 -0.421401 0.041521 -0.144689
0.509975 0.547401 0.000025 -0.471818 0.156176 -0.607857 0.593808 -0.172848 -0.011043 -0.248541 -0.329198 0.269222 -0.057586 0.015447 -0.366716
0.312589 0.349722 -0.076237 0.463071 -0.038111 0.284738 -0.592619 0.129083 -0.099180 0.056745 0.040381 0.045899 0.224687 -0.206346 0.207858
0.450054 -0.514910 -0.285011 -0.269669 -0.398763 -0.173335 0.377241 0.528586 0.038769 -0.118397 0.293185 -0.863200 -0.385305 -0.847738 -0.389136
-0.280079 0.539621 -1.008387 -0.152482 0.226556 0.149936 0.533788 0.058707 0.136844 -0.671174 -0.360740 -0.650953 0.209567 0.127231 0.114274
-0.321853 -0.355283 0.076524 -0.244352 -0.372673 -0.185627 -0.241278 -0.316460 -0.447630 0.163804 0.568160 -0.014241 0.081112 0.195878 0.133900
-0.309251 0.628042 -0.276702 0.236353 0.193891 -0.715159 -0.131000 0.020585 0.048780 0.110204 0.276773 -0.002744 0.129926 -0.016500 -0.371672
0.011831 0.273527 0.404881 0.196215 0.487221 0.152950 0.315443 0.342291 -0.081564 0.265092 -0.343481 0.127733 0.210678 0.383810 0.299709
0.388559 -0.036303 -0.126057 -0.100266 0.097124 -0.660448 0.486277 0.016056 -0.151594 -0.923776 -0.013485 -0.072475 -0.327721 -0.245729 -0.009654
-0.214794 0.208824 -0.273430 0.056436 0.430912 -0.013366 0.129987 0.106856 0.002932 -0.024459 -0.208629 0.055141 -0.103406 0.564547 0.296174
-0.530489 -0.510109 -0.047888 -0.144783 -0.066461 0.237717 0.115338 0.111462 0.528308 -0.506942 0.038120 -0.211438 0.524794 -0.806868 -0.791007
0.111238 0.411272 0.282322 -0.292533 0.550122 -0.449675 0.477431 -0.401400 -0.128440 0.233455 -0.535362 0.536413 -0.130620 0.050109 0.424340

Weight 2:
-0.289557 0.387323 0.598917 -0.239496 0.499548 -0.643349 0.142106 -0.448725 0.344148 0.314178
0.758493 0.519015 -0.060392 -0.394869 0.207117 -0.021624 0.566582 -0.790930 0.798999 0.194274
-0.296786 0.267963 0.473551 0.041568 -0.645270 -0.108102 0.379271 0.181184 -0.057197 0.477703
0.270050 0.298028 -0.150164 -0.185473 -0.621592 -0.095563 0.341279 -0.074716 0.162634 0.405723
0.136046 0.171865 -0.495585 -0.117580 0.631343 0.038761 0.692873 -0.263853 0.085480 -0.139704
0.216190 0.326794 0.219924 0.380370 -0.005078 -0.069836 -0.642088 0.233073 0.062857 -0.024808
-0.069748 -0.013423 -0.086091 -0.192653 0.088169 0.177467 -0.281150 -0.146181 -0.074676 0.001780
-0.046778 0.240879 -0.603426 -0.538668 0.070437 -0.220312 0.322799 0.427093 0.085336 -0.391439
0.385003 0.072678 -0.542762 -0.510491 0.554667 0.494114 -0.918886 -0.495631 0.416628 -0.006727
0.256346 -0.022663 0.238826 0.001981 -0.160438 0.385958 0.073571 0.238080 0.057453 -0.177614
0.587278 0.129630 -0.129592 0.466828 -0.482101 0.816769 -0.065352 -0.462967 0.695965 -0.169118
0.088859 0.262040 0.432305 0.109375 -0.236752 0.079583 -0.153237 0.090846 0.594493 0.276012
0.075333 0.269734 0.296092 -0.393315 0.016371 0.936827 0.443229 -0.183576 -0.220189 -0.232387
0.316385 0.586997 0.212460 0.057280 -0.162639 0.119818 -0.299614 -0.706943 0.597656 -0.367287
-0.118537 0.239622 0.523614 0.093725 -0.436596 -0.110743 -0.247979 -0.014107 0.449814 -0.926547

